MATCHUP 1
=====================RESULT======================
Black won 1 matchups (1.00%)
White won 99 matchups (99.00%)

Average Black Move: 30.16
[33, 36, 29, 34, 27, 26, 42, 39, 27, 31, 27, 35, 26, 16, 31, 24, 40, 31, 39, 30, 18, 32, 29, 39, 23, 32, 17, 23, 21, 45, 22, 23, 31, 24, 37, 23, 35, 26, 29, 29, 36, 32, 22, 31, 34, 25, 32, 34, 45, 34, 20, 30, 31, 35, 40, 39, 27, 35, 20, 24, 27, 28, 34, 28, 21, 36, 23, 32, 39, 36, 26, 19, 36, 23, 42, 23, 40, 30, 25, 26, 33, 25, 41, 29, 28, 29, 38, 35, 31, 42, 36, 24, 32, 25, 25, 37, 26, 20, 42, 17]
Average White Move: 30.15
[33, 36, 29, 34, 27, 26, 42, 39, 27, 31, 27, 35, 26, 16, 31, 24, 40, 31, 39, 30, 18, 32, 29, 39, 23, 32, 17, 23, 21, 45, 22, 23, 31, 24, 37, 23, 35, 26, 29, 29, 36, 32, 22, 31, 34, 25, 32, 34, 45, 34, 20, 30, 31, 35, 40, 39, 27, 35, 20, 24, 27, 28, 34, 28, 21, 36, 23, 32, 39, 36, 26, 19, 36, 23, 42, 23, 40, 30, 25, 26, 33, 25, 41, 29, 28, 29, 38, 35, 31, 42, 36, 24, 32, 25, 25, 37, 26, 20, 41, 17]
Average White Piece Captured By Black: 3.99
[5, 3, 3, 4, 3, 3, 7, 6, 4, 4, 4, 5, 3, 1, 4, 3, 8, 4, 4, 5, 2, 4, 4, 5, 3, 4, 2, 2, 3, 6, 2, 2, 4, 2, 4, 3, 5, 4, 4, 4, 6, 5, 3, 4, 4, 3, 5, 4, 8, 5, 2, 4, 3, 5, 4, 7, 3, 5, 2, 3, 3, 3, 5, 4, 2, 4, 3, 5, 6, 5, 5, 2, 6, 2, 6, 2, 6, 4, 3, 2, 3, 3, 6, 4, 4, 4, 5, 5, 3, 8, 5, 3, 4, 3, 3, 6, 4, 2, 7, 2]
Average Black Piece Captured By White: 12.97
[14, 16, 13, 16, 12, 13, 16, 16, 11, 13, 10, 16, 11, 7, 13, 12, 16, 13, 15, 12, 9, 14, 13, 16, 11, 16, 8, 11, 9, 16, 11, 11, 15, 10, 16, 11, 16, 12, 12, 13, 16, 14, 10, 13, 15, 12, 14, 16, 16, 16, 7, 12, 15, 14, 16, 16, 13, 14, 9, 13, 13, 13, 15, 12, 10, 16, 12, 13, 16, 14, 12, 9, 16, 9, 14, 9, 16, 13, 12, 12, 15, 10, 16, 12, 12, 12, 15, 16, 12, 16, 16, 11, 13, 9, 11, 15, 12, 9, 15, 8]
Average Expanded Black Nodes: 341768.40
[459208, 315971, 376582, 296293, 295756, 321731, 429332, 431334, 386261, 312518, 345194, 297663, 330762, 255226, 408037, 242190, 376456, 323188, 368428, 339356, 267810, 355061, 296265, 319387, 282941, 307640, 234847, 272960, 276041, 398708, 285690, 321201, 333901, 342520, 314497, 273058, 332286, 340309, 342284, 412251, 469067, 440506, 274511, 359629, 341250, 300314, 380035, 272744, 448727, 346067, 275789, 338620, 366118, 390758, 430327, 353997, 333217, 428596, 274276, 272485, 307425, 321347, 420890, 371711, 303852, 352704, 259578, 414816, 411965, 372146, 307808, 288663, 337046, 309467, 376380, 316977, 390946, 296685, 411799, 347279, 348536, 357575, 388765, 452546, 362256, 424192, 420254, 291899, 406783, 379158, 288055, 292278, 378238, 320107, 266466, 446679, 278604, 252587, 374095, 210107]
Average Expanded White Nodes: 5162.65
[5951, 5496, 5116, 4721, 4502, 4651, 7049, 6925, 5568, 5023, 5079, 4881, 4698, 3620, 5961, 3526, 6193, 5183, 6646, 5373, 2907, 5315, 4754, 6183, 3648, 4958, 2673, 3860, 3912, 7533, 3756, 4197, 5311, 4592, 5613, 3571, 5596, 4752, 4893, 5618, 6611, 6065, 4188, 4994, 5485, 3918, 5891, 4673, 7916, 5198, 3869, 5257, 6016, 5938, 7003, 5940, 4534, 6622, 3619, 3578, 4480, 4898, 6021, 5451, 4241, 6023, 3682, 5561, 6480, 6602, 4605, 3617, 5254, 4819, 7066, 4172, 5987, 4683, 4921, 5224, 5826, 4845, 6680, 5543, 5256, 5830, 6439, 5411, 5732, 6712, 4899, 4384, 5968, 4596, 3932, 6686, 4038, 3576, 6353, 2653]
Black Avg Expanded Node
[13915.39, 8776.97, 12985.59, 8714.50, 10953.93, 12374.27, 10222.19, 11059.85, 14305.96, 10081.23, 12784.96, 8504.66, 12721.62, 15951.63, 13162.48, 10091.25, 9411.40, 10425.42, 9446.87, 11311.87, 14878.33, 11095.66, 10216.03, 8189.41, 12301.78, 9613.75, 13814.53, 11867.83, 13144.81, 8860.18, 12985.91, 13965.26, 10771.00, 14271.67, 8499.92, 11872.09, 9493.89, 13088.81, 11802.90, 14215.55, 13029.64, 13765.81, 12477.77, 11600.94, 10036.76, 12012.56, 11876.09, 8021.88, 9971.71, 10178.44, 13789.45, 11287.33, 11810.26, 11164.51, 10758.18, 9076.85, 12341.37, 12245.60, 13713.80, 11353.54, 11386.11, 11476.68, 12379.12, 13275.39, 14469.14, 9797.33, 11286.00, 12963.00, 10563.21, 10337.39, 11838.77, 15192.79, 9362.39, 13455.09, 8961.43, 13781.61, 9773.65, 9889.50, 16471.96, 13356.88, 10561.70, 14303.00, 9482.07, 15605.03, 12937.71, 14627.31, 11059.32, 8339.97, 13122.03, 9027.57, 8001.53, 12178.25, 11819.94, 12804.28, 10658.64, 12072.41, 10715.54, 12629.35, 8907.02, 12359.24]
White Avg Expanded Node
[180.33, 152.67, 176.41, 138.85, 166.74, 178.88, 167.83, 177.56, 206.22, 162.03, 188.11, 139.46, 180.69, 226.25, 192.29, 146.92, 154.83, 167.19, 170.41, 179.10, 161.50, 166.09, 163.93, 158.54, 158.61, 154.94, 157.24, 167.83, 186.29, 167.40, 170.73, 182.48, 171.32, 191.33, 151.70, 155.26, 159.89, 182.77, 168.72, 193.72, 183.64, 189.53, 190.36, 161.10, 161.32, 156.72, 184.09, 137.44, 175.91, 152.88, 193.45, 175.23, 194.06, 169.66, 175.08, 152.31, 167.93, 189.20, 180.95, 149.08, 165.93, 174.93, 177.09, 194.68, 201.95, 167.31, 160.09, 173.78, 166.15, 183.39, 177.12, 190.37, 145.94, 209.52, 168.24, 181.39, 149.68, 156.10, 196.84, 200.92, 176.55, 193.80, 162.93, 191.14, 187.71, 201.03, 169.45, 154.60, 184.90, 159.81, 136.08, 182.67, 186.50, 183.84, 157.28, 180.70, 155.31, 178.80, 154.95, 156.06]
Black Avg Time to Make a Move (ms)
[0.36, 0.42, 0.38, 0.32, 0.44, 0.35, 0.36, 0.36, 0.67, 0.32, 0.48, 0.40, 0.46, 0.94, 0.35, 0.42, 0.45, 0.45, 0.62, 0.73, 0.28, 0.41, 0.66, 0.33, 0.61, 0.53, 0.53, 0.48, 0.76, 0.40, 0.73, 0.52, 0.48, 0.58, 0.46, 0.52, 0.49, 0.50, 0.38, 0.38, 0.39, 0.44, 0.50, 0.32, 0.38, 0.40, 0.38, 0.53, 0.38, 0.41, 0.60, 0.57, 0.42, 0.40, 0.50, 0.31, 0.30, 0.31, 0.35, 0.33, 0.41, 0.21, 0.41, 0.57, 0.62, 0.42, 0.61, 0.31, 0.33, 0.50, 0.69, 0.53, 0.28, 0.65, 0.48, 0.61, 0.40, 0.53, 0.48, 0.54, 0.48, 0.56, 0.39, 0.52, 0.36, 0.52, 0.47, 0.43, 0.45, 0.40, 0.33, 0.33, 0.50, 0.52, 0.48, 0.27, 0.58, 0.85, 0.34, 0.35]
White Avg Time to Make a Move (ms)
[31.39, 17.31, 23.90, 16.59, 22.26, 29.65, 17.14, 20.15, 30.48, 19.87, 29.30, 19.71, 29.81, 38.69, 26.13, 24.67, 21.40, 25.19, 24.21, 25.80, 32.11, 24.13, 27.38, 21.87, 30.39, 20.94, 32.00, 27.83, 30.90, 17.51, 32.64, 35.00, 27.23, 31.63, 17.27, 28.17, 24.77, 31.58, 28.83, 27.17, 24.56, 25.00, 27.59, 21.29, 18.79, 22.80, 24.72, 18.03, 19.62, 18.41, 29.25, 23.27, 22.97, 21.09, 21.33, 19.72, 24.52, 23.66, 29.30, 23.04, 24.15, 21.89, 22.32, 26.39, 31.52, 20.31, 24.91, 21.09, 18.15, 22.25, 25.00, 31.26, 18.11, 28.57, 18.48, 27.74, 18.45, 19.97, 30.00, 25.73, 21.18, 30.92, 19.46, 30.79, 25.07, 26.66, 20.58, 17.86, 26.94, 16.74, 16.97, 24.96, 22.34, 27.24, 24.80, 21.81, 23.81, 27.55, 18.00, 28.35]
=================================================

MATCHUP 2
=====================RESULT======================
Black won 66 matchups (66.00%)
White won 34 matchups (34.00%)

Average Black Move: 29.13
[32, 21, 42, 41, 26, 30, 33, 33, 23, 44, 28, 15, 25, 30, 32, 29, 22, 23, 19, 38, 9, 32, 28, 34, 22, 23, 25, 47, 33, 25, 26, 28, 28, 38, 27, 9, 41, 29, 40, 29, 29, 33, 31, 27, 31, 26, 31, 36, 41, 27, 25, 25, 28, 35, 24, 32, 35, 28, 28, 26, 34, 48, 29, 25, 27, 44, 25, 36, 13, 27, 38, 29, 29, 33, 17, 19, 28, 26, 25, 33, 29, 21, 31, 35, 25, 28, 43, 24, 28, 32, 32, 29, 27, 23, 20, 37, 28, 32, 27, 20]
Average White Move: 28.47
[32, 20, 41, 40, 25, 30, 32, 32, 22, 43, 28, 15, 24, 30, 32, 28, 21, 22, 19, 37, 8, 32, 27, 34, 22, 22, 24, 47, 33, 24, 25, 28, 27, 38, 26, 9, 41, 28, 39, 28, 28, 33, 30, 26, 30, 25, 30, 36, 40, 26, 24, 24, 27, 34, 24, 32, 35, 27, 27, 26, 33, 48, 28, 24, 26, 44, 24, 36, 13, 26, 37, 28, 29, 32, 17, 18, 27, 25, 24, 32, 28, 20, 30, 34, 24, 28, 43, 23, 28, 32, 31, 28, 26, 23, 19, 37, 27, 31, 26, 19]
Average White Piece Captured By Black: 0.78
[0, 1, 0, 1, 1, 0, 3, 1, 0, 2, 0, 0, 1, 0, 0, 2, 1, 3, 0, 1, 0, 1, 0, 2, 0, 2, 2, 2, 2, 1, 0, 2, 1, 1, 1, 0, 0, 2, 2, 1, 0, 0, 2, 1, 1, 0, 0, 1, 0, 2, 2, 0, 1, 3, 0, 1, 0, 0, 1, 0, 1, 3, 0, 0, 0, 0, 0, 1, 0, 0, 2, 0, 0, 1, 0, 0, 1, 2, 1, 0, 0, 0, 0, 1, 1, 0, 0, 1, 0, 0, 2, 1, 0, 0, 1, 0, 1, 1, 0, 3]
Average Black Piece Captured By White: 6.11
[8, 3, 11, 10, 6, 8, 4, 7, 6, 10, 9, 5, 3, 8, 9, 6, 3, 1, 2, 9, 0, 9, 6, 8, 4, 4, 4, 10, 8, 4, 3, 8, 5, 8, 5, 2, 11, 5, 8, 5, 7, 8, 5, 7, 6, 6, 5, 10, 10, 3, 3, 7, 3, 6, 8, 8, 8, 6, 5, 5, 6, 9, 7, 5, 6, 10, 6, 8, 1, 7, 9, 6, 8, 7, 2, 1, 6, 3, 7, 7, 6, 4, 6, 8, 3, 5, 9, 6, 8, 5, 7, 7, 5, 5, 3, 9, 6, 7, 7, 3]
Average Expanded Black Nodes: 7570.21
[8047, 5727, 8912, 9148, 6987, 8518, 8366, 8192, 6216, 9243, 8129, 3924, 7305, 7951, 7734, 7251, 6989, 8007, 5330, 8462, 2511, 7320, 7335, 8391, 6433, 6808, 7463, 10397, 7562, 5898, 7018, 6719, 8269, 8336, 7152, 2363, 10381, 8587, 9533, 8446, 6962, 8061, 7852, 6958, 8558, 7295, 8503, 8197, 9042, 7601, 7313, 7089, 7032, 8913, 6617, 8547, 7834, 7458, 7373, 7246, 9466, 10993, 9623, 5747, 7864, 8851, 7260, 9057, 3762, 7288, 7832, 8391, 8228, 7566, 4523, 6520, 6973, 6773, 6388, 9211, 8010, 6167, 8002, 8455, 6830, 7442, 9913, 6412, 8407, 8743, 8326, 8462, 6939, 6172, 5855, 9594, 7153, 9342, 6835, 5835]
Average Expanded White Nodes: 12255.55
[13285, 8868, 15954, 14112, 12213, 14832, 12937, 12918, 7507, 16725, 12495, 5377, 11048, 11154, 13499, 12837, 11253, 11451, 7351, 13542, 2942, 13040, 11457, 14397, 9779, 9709, 13126, 19875, 13850, 12581, 11411, 11292, 12422, 15711, 11315, 2639, 14498, 14223, 16669, 13929, 12943, 12668, 12537, 13047, 14670, 12147, 16240, 12884, 15124, 11682, 10776, 12138, 11843, 13027, 9200, 12413, 13347, 9675, 11413, 9721, 17394, 18422, 13734, 10609, 10764, 13396, 11624, 14373, 4406, 11387, 13784, 12248, 13020, 14235, 5915, 8505, 12815, 11283, 12397, 16286, 11879, 9122, 12551, 14335, 11064, 12736, 17068, 10828, 12269, 14431, 14860, 14110, 9589, 10422, 8051, 15754, 12463, 14169, 11609, 9930]
Black Avg Expanded Node
[251.47, 272.71, 212.19, 223.12, 268.73, 283.93, 253.52, 248.24, 270.26, 210.07, 290.32, 261.60, 292.20, 265.03, 241.69, 250.03, 317.68, 348.13, 280.53, 222.68, 279.00, 228.75, 261.96, 246.79, 292.41, 296.00, 298.52, 221.21, 229.15, 235.92, 269.92, 239.96, 295.32, 219.37, 264.89, 262.56, 253.20, 296.10, 238.33, 291.24, 240.07, 244.27, 253.29, 257.70, 276.06, 280.58, 274.29, 227.69, 220.54, 281.52, 292.52, 283.56, 251.14, 254.66, 275.71, 267.09, 223.83, 266.36, 263.32, 278.69, 278.41, 229.02, 331.83, 229.88, 291.26, 201.16, 290.40, 251.58, 289.38, 269.93, 206.11, 289.34, 283.72, 229.27, 266.06, 343.16, 249.04, 260.50, 255.52, 279.12, 276.21, 293.67, 258.13, 241.57, 273.20, 265.79, 230.53, 267.17, 300.25, 273.22, 260.19, 291.79, 257.00, 268.35, 292.75, 259.30, 255.46, 291.94, 253.15, 291.75]
White Avg Expanded Node
[415.16, 443.40, 389.12, 352.80, 488.52, 494.40, 404.28, 403.69, 341.23, 388.95, 446.25, 358.47, 460.33, 371.80, 421.84, 458.46, 535.86, 520.50, 386.89, 366.00, 367.75, 407.50, 424.33, 423.44, 444.50, 441.32, 546.92, 422.87, 419.70, 524.21, 456.44, 403.29, 460.07, 413.45, 435.19, 293.22, 353.61, 507.96, 427.41, 497.46, 462.25, 383.88, 417.90, 501.81, 489.00, 485.88, 541.33, 357.89, 378.10, 449.31, 449.00, 505.75, 438.63, 383.15, 383.33, 387.91, 381.34, 358.33, 422.70, 373.88, 527.09, 383.79, 490.50, 442.04, 414.00, 304.45, 484.33, 399.25, 338.92, 437.96, 372.54, 437.43, 448.97, 444.84, 347.94, 472.50, 474.63, 451.32, 516.54, 508.94, 424.25, 456.10, 418.37, 421.62, 461.00, 454.86, 396.93, 470.78, 438.18, 450.97, 479.35, 503.93, 368.81, 453.13, 423.74, 425.78, 461.59, 457.06, 446.50, 522.63]
Black Avg Time to Make a Move (ms)
[1.59, 1.70, 0.61, 0.95, 1.32, 1.17, 0.84, 0.88, 0.86, 0.81, 1.43, 1.27, 0.92, 0.90, 1.03, 0.93, 0.90, 1.00, 0.74, 0.70, 1.88, 1.16, 1.30, 1.29, 1.36, 0.77, 1.00, 0.77, 0.94, 1.04, 0.96, 0.75, 0.93, 0.74, 1.04, 1.00, 0.83, 0.86, 0.74, 1.04, 1.07, 0.91, 0.90, 0.69, 0.83, 0.92, 0.93, 0.83, 0.80, 1.04, 1.04, 0.83, 0.81, 0.79, 1.25, 0.88, 0.77, 1.07, 0.70, 0.92, 0.94, 0.71, 0.96, 0.88, 1.19, 1.09, 1.42, 1.03, 1.00, 1.31, 0.89, 0.75, 0.97, 0.88, 0.88, 1.17, 0.96, 1.16, 1.13, 1.16, 0.93, 1.45, 0.93, 1.18, 1.29, 0.93, 0.91, 1.30, 1.14, 1.03, 0.77, 0.86, 1.00, 1.35, 1.63, 0.86, 1.30, 1.13, 1.12, 1.05]
White Avg Time to Make a Move (ms)
[1.72, 0.81, 0.67, 0.56, 0.77, 0.80, 0.67, 0.67, 0.61, 0.82, 1.04, 0.67, 0.72, 0.63, 0.56, 0.62, 0.73, 0.78, 0.74, 0.61, 0.89, 0.75, 0.82, 0.71, 0.64, 0.74, 0.56, 0.51, 0.39, 0.52, 0.62, 0.68, 0.61, 0.58, 0.56, 0.56, 0.61, 0.69, 0.50, 0.59, 0.31, 0.52, 0.58, 0.78, 0.74, 0.65, 0.55, 0.50, 0.41, 0.67, 0.76, 0.68, 0.57, 0.80, 0.58, 0.63, 0.66, 0.61, 0.64, 0.73, 0.71, 0.67, 0.83, 0.68, 0.81, 0.66, 0.88, 0.83, 1.08, 0.70, 0.68, 0.79, 0.55, 0.73, 0.65, 0.68, 0.54, 0.58, 0.80, 0.58, 0.59, 0.86, 0.84, 0.57, 0.68, 0.64, 0.58, 0.79, 0.75, 0.59, 0.81, 0.66, 0.78, 0.91, 0.90, 0.57, 0.61, 0.78, 0.89, 0.60]
=================================================

MATCHUP 3
=====================RESULT======================
Black won 97 matchups (97.00%)
White won 3 matchups (3.00%)

Average Black Move: 26.49
[28, 27, 29, 16, 34, 31, 24, 27, 24, 30, 28, 28, 21, 25, 36, 23, 21, 32, 29, 22, 25, 25, 25, 32, 41, 24, 27, 28, 26, 16, 32, 30, 29, 23, 26, 18, 28, 29, 27, 35, 25, 20, 29, 24, 29, 22, 29, 24, 25, 16, 36, 33, 32, 17, 24, 17, 27, 29, 29, 15, 26, 18, 29, 21, 28, 30, 21, 24, 22, 27, 25, 27, 26, 25, 20, 33, 29, 25, 29, 40, 25, 25, 32, 29, 27, 21, 26, 26, 30, 22, 23, 27, 22, 32, 36, 37, 33, 25, 25, 18]
Average White Move: 25.52
[27, 26, 28, 15, 33, 31, 23, 26, 23, 29, 27, 27, 20, 24, 35, 22, 20, 31, 28, 21, 24, 24, 24, 31, 40, 23, 26, 27, 25, 15, 31, 29, 28, 22, 25, 17, 27, 28, 26, 34, 24, 19, 28, 23, 28, 21, 28, 23, 24, 15, 35, 32, 31, 16, 23, 16, 26, 28, 28, 14, 25, 17, 28, 20, 27, 29, 20, 23, 21, 26, 24, 26, 25, 24, 19, 32, 28, 24, 28, 40, 24, 24, 31, 28, 26, 20, 25, 25, 29, 21, 22, 26, 21, 31, 36, 36, 32, 24, 24, 17]
Average White Piece Captured By Black: 6.82
[8, 6, 12, 1, 9, 6, 5, 9, 5, 9, 8, 10, 5, 5, 10, 5, 4, 8, 9, 4, 5, 5, 6, 8, 13, 5, 6, 7, 6, 4, 11, 6, 9, 7, 7, 4, 6, 10, 7, 9, 10, 4, 9, 3, 9, 5, 7, 7, 6, 4, 11, 13, 8, 5, 6, 1, 7, 8, 7, 3, 7, 5, 5, 3, 7, 9, 7, 5, 6, 5, 6, 8, 4, 5, 4, 11, 8, 7, 5, 11, 7, 8, 10, 7, 7, 6, 8, 7, 7, 4, 1, 9, 5, 10, 10, 11, 8, 9, 4, 4]
Average Black Piece Captured By White: 2.90
[3, 1, 4, 1, 5, 6, 2, 3, 2, 5, 3, 4, 1, 4, 8, 2, 2, 4, 4, 2, 1, 3, 2, 4, 7, 2, 3, 2, 1, 0, 4, 4, 4, 3, 3, 1, 4, 4, 3, 2, 3, 1, 4, 2, 2, 2, 3, 2, 3, 1, 6, 3, 6, 1, 2, 0, 4, 4, 3, 1, 3, 2, 5, 1, 4, 5, 2, 3, 2, 3, 2, 4, 2, 2, 0, 5, 3, 2, 4, 4, 3, 3, 2, 4, 2, 2, 2, 2, 5, 1, 1, 4, 2, 4, 4, 6, 4, 3, 1, 1]
Average Expanded Black Nodes: 10370.90
[11276, 11822, 9699, 7585, 12534, 10684, 8544, 11302, 10102, 9698, 9811, 10119, 9716, 10431, 10292, 9355, 8080, 10894, 10682, 9246, 9616, 10735, 10394, 12551, 13687, 9815, 9973, 10470, 9503, 6529, 11378, 11254, 10955, 9485, 10197, 9326, 11931, 10627, 11169, 13055, 10051, 9580, 11410, 10424, 13135, 8666, 11840, 9695, 10946, 7709, 11055, 10088, 12094, 8177, 9751, 10197, 10473, 11634, 11296, 5933, 10068, 7321, 11687, 9585, 11550, 11033, 9566, 9674, 7912, 9933, 9004, 11560, 11168, 11322, 8005, 13703, 11336, 12223, 11695, 12903, 10701, 8798, 11496, 10633, 10033, 8314, 10057, 11120, 10179, 7883, 10598, 10764, 8791, 12228, 12779, 13752, 12269, 9046, 11557, 6168]
Average Expanded White Nodes: 7996.55
[8604, 8968, 8595, 4824, 9321, 8670, 6860, 8859, 7253, 8873, 8388, 8239, 6333, 8004, 8257, 6257, 6531, 9368, 8266, 7236, 8603, 9000, 7117, 9581, 11304, 7606, 7861, 8788, 7746, 4435, 9180, 8974, 9964, 6587, 7762, 6502, 8826, 8997, 8342, 9400, 6964, 5690, 8897, 7323, 9689, 6357, 9190, 7948, 7776, 5092, 9154, 8788, 9838, 5763, 8110, 6456, 7999, 9361, 9472, 4309, 8259, 4786, 9414, 7174, 8734, 8675, 6303, 6750, 6519, 8056, 7512, 8018, 8172, 8094, 7127, 10984, 8443, 8324, 8582, 11219, 7806, 6813, 8953, 9235, 7941, 5957, 8163, 9501, 7704, 7029, 7574, 8211, 5797, 9490, 9716, 10655, 8865, 7371, 8166, 5106]
Black Avg Expanded Node
[402.71, 437.85, 334.45, 474.06, 368.65, 344.65, 356.00, 418.59, 420.92, 323.27, 350.39, 361.39, 462.67, 417.24, 285.89, 406.74, 384.76, 340.44, 368.34, 420.27, 384.64, 429.40, 415.76, 392.22, 333.83, 408.96, 369.37, 373.93, 365.50, 408.06, 355.56, 375.13, 377.76, 412.39, 392.19, 518.11, 426.11, 366.45, 413.67, 373.00, 402.04, 479.00, 393.45, 434.33, 452.93, 393.91, 408.28, 403.96, 437.84, 481.81, 307.08, 305.70, 377.94, 481.00, 406.29, 599.82, 387.89, 401.17, 389.52, 395.53, 387.23, 406.72, 403.00, 456.43, 412.50, 367.77, 455.52, 403.08, 359.64, 367.89, 360.16, 428.15, 429.54, 452.88, 400.25, 415.24, 390.90, 488.92, 403.28, 322.58, 428.04, 351.92, 359.25, 366.66, 371.59, 395.90, 386.81, 427.69, 339.30, 358.32, 460.78, 398.67, 399.59, 382.13, 354.97, 371.68, 371.79, 361.84, 462.28, 342.67]
White Avg Expanded Node
[318.67, 344.92, 306.96, 321.60, 282.45, 279.68, 298.26, 340.73, 315.35, 305.97, 310.67, 305.15, 316.65, 333.50, 235.91, 284.41, 326.55, 302.19, 295.21, 344.57, 358.46, 375.00, 296.54, 309.06, 282.60, 330.70, 302.35, 325.48, 309.84, 295.67, 296.13, 309.45, 355.86, 299.41, 310.48, 382.47, 326.89, 321.32, 320.85, 276.47, 290.17, 299.47, 317.75, 318.39, 346.04, 302.71, 328.21, 345.57, 324.00, 339.47, 261.54, 274.63, 317.35, 360.19, 352.61, 403.50, 307.65, 334.32, 338.29, 307.79, 330.36, 281.53, 336.21, 358.70, 323.48, 299.14, 315.15, 293.48, 310.43, 309.85, 313.00, 308.38, 326.88, 337.25, 375.11, 343.25, 301.54, 346.83, 306.50, 280.48, 325.25, 283.88, 288.81, 329.82, 305.42, 297.85, 326.52, 380.04, 265.66, 334.71, 344.27, 315.81, 276.05, 306.13, 269.89, 295.97, 277.03, 307.13, 340.25, 300.35]
Black Avg Time to Make a Move (ms)
[1.37, 1.00, 0.75, 1.07, 0.82, 0.94, 0.43, 1.00, 0.87, 0.79, 0.89, 0.85, 1.10, 1.17, 0.60, 0.91, 0.75, 0.81, 0.61, 0.76, 0.67, 0.54, 0.96, 0.87, 0.80, 1.26, 0.77, 0.67, 0.72, 0.87, 0.58, 0.52, 0.57, 0.59, 0.76, 0.71, 0.52, 0.68, 0.81, 0.68, 0.63, 0.79, 0.75, 0.74, 0.61, 0.52, 0.68, 0.70, 0.63, 0.67, 0.49, 0.66, 0.74, 0.88, 0.57, 0.63, 0.77, 0.57, 0.82, 0.64, 0.32, 0.82, 0.64, 1.00, 0.74, 0.52, 0.70, 0.70, 0.81, 0.73, 0.96, 1.04, 0.76, 0.92, 0.89, 0.75, 0.64, 0.67, 0.79, 0.53, 1.08, 0.75, 0.68, 0.61, 0.81, 0.70, 0.76, 0.60, 0.66, 0.81, 1.73, 1.73, 0.62, 0.55, 0.53, 0.50, 0.72, 0.92, 1.04, 1.47]
White Avg Time to Make a Move (ms)
[2.57, 2.19, 1.24, 1.50, 1.21, 1.77, 1.13, 1.22, 1.67, 1.10, 1.00, 1.21, 1.67, 1.24, 0.64, 0.96, 0.86, 0.59, 0.97, 0.86, 0.84, 0.96, 1.24, 1.09, 0.93, 1.25, 0.93, 0.64, 0.85, 1.06, 0.84, 0.97, 0.76, 1.04, 0.69, 1.39, 1.04, 0.76, 0.78, 1.00, 0.92, 1.30, 0.93, 0.92, 1.17, 1.00, 0.90, 0.88, 0.92, 1.25, 0.72, 0.61, 1.13, 1.00, 0.96, 2.41, 0.70, 1.07, 0.79, 0.93, 1.08, 0.89, 0.86, 1.29, 1.11, 0.77, 1.38, 1.21, 0.95, 1.37, 1.12, 1.56, 1.04, 1.20, 1.05, 0.88, 0.79, 1.08, 1.10, 0.83, 1.20, 0.92, 0.84, 0.93, 0.96, 1.05, 0.88, 1.08, 0.77, 1.18, 2.87, 1.70, 1.18, 0.88, 0.81, 0.70, 1.09, 1.16, 1.76, 1.39]
=================================================

MATCHUP 4
=====================RESULT======================
Black won 29 matchups (29.00%)
White won 71 matchups (71.00%)

Average Black Move: 36.66
[33, 35, 40, 13, 41, 42, 41, 41, 29, 51, 50, 33, 46, 38, 37, 32, 24, 22, 39, 36, 32, 35, 17, 36, 36, 40, 49, 37, 30, 49, 41, 49, 41, 39, 27, 12, 41, 28, 44, 52, 49, 30, 43, 36, 33, 27, 43, 35, 32, 46, 52, 24, 26, 35, 51, 29, 20, 28, 27, 46, 42, 47, 44, 31, 26, 36, 34, 33, 43, 22, 31, 40, 35, 34, 41, 36, 32, 51, 37, 26, 34, 33, 34, 43, 55, 54, 26, 31, 39, 40, 45, 47, 28, 31, 42, 45, 50, 31, 38, 29]
Average White Move: 36.37
[33, 34, 39, 13, 40, 42, 41, 41, 29, 51, 50, 33, 45, 38, 37, 32, 24, 21, 39, 36, 32, 35, 17, 35, 36, 40, 49, 37, 30, 49, 41, 49, 41, 39, 27, 12, 41, 28, 44, 52, 48, 30, 42, 36, 33, 26, 42, 35, 32, 45, 51, 23, 25, 35, 51, 29, 20, 28, 27, 46, 42, 47, 43, 30, 26, 36, 34, 32, 43, 21, 31, 40, 35, 34, 41, 35, 32, 50, 37, 26, 33, 33, 34, 43, 54, 54, 25, 30, 39, 39, 45, 46, 27, 30, 42, 45, 49, 31, 38, 29]
Average White Piece Captured By Black: 4.71
[5, 2, 2, 1, 9, 9, 4, 7, 4, 7, 5, 3, 7, 7, 4, 4, 2, 5, 4, 4, 4, 7, 1, 7, 1, 3, 5, 3, 4, 7, 3, 6, 4, 4, 4, 0, 7, 2, 6, 6, 5, 4, 8, 5, 4, 5, 3, 2, 5, 7, 5, 7, 6, 6, 8, 4, 1, 1, 2, 6, 4, 10, 4, 9, 2, 7, 3, 3, 7, 2, 2, 5, 2, 3, 4, 5, 4, 8, 7, 2, 3, 6, 4, 4, 7, 9, 9, 4, 3, 5, 5, 8, 5, 3, 5, 7, 7, 2, 5, 4]
Average Black Piece Captured By White: 9.92
[8, 8, 10, 2, 9, 8, 13, 11, 10, 15, 16, 8, 10, 11, 11, 8, 9, 4, 9, 12, 10, 9, 4, 11, 9, 10, 16, 11, 7, 12, 11, 15, 11, 11, 8, 3, 12, 9, 12, 14, 13, 8, 12, 9, 9, 6, 10, 10, 9, 10, 15, 3, 5, 10, 16, 9, 7, 9, 8, 11, 15, 10, 13, 7, 8, 10, 10, 9, 11, 5, 10, 13, 10, 9, 9, 11, 10, 13, 10, 8, 8, 8, 9, 13, 13, 14, 4, 7, 12, 12, 14, 9, 7, 7, 11, 12, 13, 12, 12, 8]
Average Expanded Black Nodes: 8159.51
[7454, 9520, 8254, 3744, 7955, 9011, 8820, 8977, 5768, 10511, 9504, 7449, 9647, 9102, 8833, 8528, 6094, 6027, 10194, 7296, 7286, 8668, 5655, 6685, 8863, 8330, 10171, 8485, 6650, 10535, 8575, 8743, 8656, 8667, 6519, 3397, 7969, 6797, 8700, 9900, 9260, 8034, 9460, 8710, 8057, 7440, 9489, 8827, 7374, 10022, 8959, 6430, 8091, 7363, 9349, 7463, 5208, 7235, 7192, 8485, 8728, 10026, 8767, 8366, 6040, 8071, 7094, 7112, 8152, 6276, 7574, 7898, 7949, 7763, 8858, 7566, 7907, 11091, 8449, 6270, 7723, 8102, 8184, 9195, 10342, 10012, 7047, 8237, 7852, 9028, 9197, 9207, 7439, 8151, 8616, 9503, 10159, 7621, 8787, 7205]
Average Expanded White Nodes: 8695.98
[8160, 9705, 9318, 3192, 9459, 9712, 8927, 9912, 6397, 11736, 10569, 7776, 11557, 9132, 9743, 8416, 5547, 6504, 10481, 8430, 6725, 8634, 4990, 7215, 9939, 9314, 10237, 9501, 7772, 13054, 9722, 9542, 8953, 9190, 7097, 2984, 8049, 7466, 9715, 10594, 10296, 7360, 8989, 9120, 8015, 7652, 11229, 9356, 7396, 10334, 9985, 6698, 8154, 8256, 9945, 7730, 4213, 7564, 7169, 9457, 9113, 11238, 8856, 8614, 6011, 8206, 8012, 7470, 10881, 6462, 8335, 9346, 8445, 8708, 10365, 8172, 7691, 10645, 9106, 6865, 8830, 7861, 8047, 10056, 10734, 10935, 6741, 8605, 8696, 9330, 10281, 10671, 7687, 8775, 10070, 10888, 10814, 7523, 9171, 7058]
Black Avg Expanded Node
[225.88, 272.00, 206.35, 288.00, 194.02, 214.55, 215.12, 218.95, 198.90, 206.10, 190.08, 225.73, 209.72, 239.53, 238.73, 266.50, 253.92, 273.95, 261.38, 202.67, 227.69, 247.66, 332.65, 185.69, 246.19, 208.25, 207.57, 229.32, 221.67, 215.00, 209.15, 178.43, 211.12, 222.23, 241.44, 283.08, 194.37, 242.75, 197.73, 190.38, 188.98, 267.80, 220.00, 241.94, 244.15, 275.56, 220.67, 252.20, 230.44, 217.87, 172.29, 267.92, 311.19, 210.37, 183.31, 257.34, 260.40, 258.39, 266.37, 184.46, 207.81, 213.32, 199.25, 269.87, 232.31, 224.19, 208.65, 215.52, 189.58, 285.27, 244.32, 197.45, 227.11, 228.32, 216.05, 210.17, 247.09, 217.47, 228.35, 241.15, 227.15, 245.52, 240.71, 213.84, 188.04, 185.41, 271.04, 265.71, 201.33, 225.70, 204.38, 195.89, 265.68, 262.94, 205.14, 211.18, 203.18, 245.84, 231.24, 248.45]
White Avg Expanded Node
[247.27, 285.44, 238.92, 245.54, 236.48, 231.24, 217.73, 241.76, 220.59, 230.12, 211.38, 235.64, 256.82, 240.32, 263.32, 263.00, 231.13, 309.71, 268.74, 234.17, 210.16, 246.69, 293.53, 206.14, 276.08, 232.85, 208.92, 256.78, 259.07, 266.41, 237.12, 194.73, 218.37, 235.64, 262.85, 248.67, 196.32, 266.64, 220.80, 203.73, 214.50, 245.33, 214.02, 253.33, 242.88, 294.31, 267.36, 267.31, 231.13, 229.64, 195.78, 291.22, 326.16, 235.89, 195.00, 266.55, 210.65, 270.14, 265.52, 205.59, 216.98, 239.11, 205.95, 287.13, 231.19, 227.94, 235.65, 233.44, 253.05, 307.71, 268.87, 233.65, 241.29, 256.12, 252.80, 233.49, 240.34, 212.90, 246.11, 264.04, 267.58, 238.21, 236.68, 233.86, 198.78, 202.50, 269.64, 286.83, 222.97, 239.23, 228.47, 231.98, 284.70, 292.50, 239.76, 241.96, 220.69, 242.68, 241.34, 243.38]
Black Avg Time to Make a Move (ms)
[1.36, 1.47, 0.59, 0.54, 0.48, 0.45, 0.54, 1.02, 0.97, 1.06, 0.64, 0.76, 0.62, 0.58, 0.43, 0.66, 0.79, 0.76, 0.51, 0.56, 0.56, 0.71, 1.24, 0.54, 0.72, 0.43, 0.33, 0.59, 0.53, 0.45, 0.61, 0.31, 0.49, 0.51, 0.63, 0.92, 0.54, 0.82, 0.52, 0.38, 0.42, 0.57, 0.45, 0.56, 0.45, 0.65, 0.62, 0.46, 0.59, 0.49, 0.49, 0.61, 0.52, 0.46, 0.47, 0.72, 0.50, 0.64, 0.74, 0.54, 0.45, 0.47, 0.44, 0.63, 0.58, 0.42, 0.56, 0.50, 0.47, 0.76, 0.61, 0.43, 0.54, 0.62, 0.56, 0.46, 0.56, 0.40, 0.46, 0.50, 0.48, 0.48, 0.44, 0.47, 0.48, 0.43, 0.60, 0.60, 0.62, 0.67, 0.44, 0.35, 0.67, 0.63, 0.31, 0.42, 0.43, 0.68, 0.45, 0.41]
White Avg Time to Make a Move (ms)
[1.61, 2.09, 0.68, 1.08, 0.51, 0.45, 0.44, 0.80, 0.93, 0.80, 1.12, 1.06, 0.37, 0.42, 0.57, 0.44, 0.67, 0.41, 0.54, 0.50, 0.78, 0.63, 1.06, 0.61, 0.83, 0.68, 0.53, 0.43, 0.50, 0.41, 0.34, 0.41, 0.37, 0.49, 0.44, 0.67, 0.54, 0.32, 0.30, 0.35, 0.45, 0.70, 0.51, 0.44, 0.55, 0.85, 0.37, 0.63, 0.44, 0.41, 0.25, 0.75, 0.65, 0.49, 0.27, 0.66, 0.65, 0.54, 0.41, 0.39, 0.40, 0.36, 0.45, 0.65, 0.65, 0.44, 0.29, 0.39, 0.35, 0.59, 0.39, 0.43, 0.46, 0.38, 0.41, 0.44, 0.41, 0.37, 0.43, 0.54, 0.53, 0.55, 0.71, 0.44, 0.29, 0.33, 0.58, 0.71, 0.44, 0.35, 0.42, 0.43, 0.43, 0.48, 0.55, 0.47, 0.40, 0.35, 0.50, 0.62]
=================================================

MATCHUP 5
=====================RESULT======================
Black won 30 matchups (30.00%)
White won 70 matchups (70.00%)

Average Black Move: 25.42
[21, 24, 28, 29, 24, 19, 23, 27, 21, 23, 24, 26, 19, 41, 21, 32, 21, 21, 26, 20, 25, 19, 25, 25, 26, 31, 25, 33, 31, 23, 25, 23, 21, 22, 20, 26, 22, 38, 27, 33, 23, 35, 25, 25, 25, 23, 22, 25, 23, 26, 23, 29, 23, 25, 24, 23, 23, 25, 33, 19, 28, 25, 36, 31, 33, 24, 22, 14, 21, 26, 28, 30, 23, 25, 23, 32, 18, 24, 26, 21, 21, 20, 20, 25, 40, 27, 23, 26, 25, 35, 30, 30, 21, 25, 22, 32, 27, 21, 28, 25]
Average White Move: 25.12
[20, 24, 28, 28, 23, 18, 23, 27, 20, 22, 24, 26, 18, 40, 21, 32, 21, 20, 25, 20, 25, 19, 25, 25, 25, 31, 24, 32, 30, 23, 25, 22, 20, 22, 20, 26, 21, 37, 27, 33, 23, 35, 25, 24, 25, 23, 22, 25, 23, 26, 23, 29, 23, 25, 24, 22, 23, 25, 32, 18, 28, 25, 36, 30, 33, 24, 22, 14, 21, 26, 28, 30, 23, 25, 23, 32, 18, 24, 26, 21, 20, 19, 20, 25, 39, 27, 23, 25, 24, 35, 30, 30, 21, 25, 22, 31, 27, 21, 27, 25]
Average White Piece Captured By Black: 1.02
[0, 0, 0, 2, 0, 0, 0, 0, 0, 0, 1, 1, 0, 7, 0, 2, 0, 1, 5, 0, 0, 0, 0, 0, 0, 5, 0, 4, 3, 0, 0, 0, 0, 0, 0, 0, 0, 7, 0, 4, 0, 4, 1, 5, 0, 0, 0, 0, 0, 0, 0, 1, 0, 0, 0, 0, 0, 0, 4, 0, 1, 0, 4, 4, 1, 0, 0, 0, 0, 0, 0, 3, 0, 0, 0, 2, 0, 0, 0, 0, 0, 0, 0, 1, 9, 0, 1, 0, 0, 3, 3, 2, 0, 1, 0, 5, 0, 0, 3, 2]
Average Black Piece Captured By White: 0.67
[0, 0, 0, 2, 0, 0, 0, 0, 0, 0, 1, 1, 0, 5, 0, 2, 0, 0, 2, 0, 0, 0, 0, 0, 0, 2, 0, 2, 2, 0, 0, 0, 0, 0, 0, 0, 0, 3, 0, 1, 0, 5, 0, 1, 0, 0, 0, 0, 0, 0, 0, 1, 0, 0, 0, 0, 0, 0, 3, 0, 0, 0, 5, 3, 1, 0, 0, 0, 0, 0, 0, 2, 0, 0, 0, 2, 0, 0, 0, 0, 0, 0, 0, 1, 4, 0, 1, 0, 0, 5, 2, 1, 0, 1, 0, 3, 0, 0, 2, 1]
Average Expanded Black Nodes: 10492.72
[9347, 10632, 10205, 11787, 9763, 8316, 8826, 12949, 8784, 8501, 10948, 10550, 9142, 15902, 9025, 14579, 8119, 9995, 11954, 9504, 11806, 7974, 11440, 12379, 12369, 11777, 10236, 13560, 13648, 10909, 12065, 9566, 7656, 9244, 9622, 10651, 9189, 15377, 11209, 9375, 10206, 11935, 11723, 10274, 10402, 9055, 9872, 9078, 8054, 9388, 10255, 9856, 9339, 9921, 11252, 9371, 10822, 10376, 11651, 7039, 11510, 10682, 12608, 12901, 11650, 9841, 9382, 4974, 10383, 10531, 10551, 11785, 8923, 9519, 8508, 11072, 8531, 10171, 11069, 8880, 7453, 9602, 10078, 11117, 12533, 11836, 10900, 9689, 10073, 12508, 12107, 13155, 7826, 10983, 8117, 14059, 11534, 10639, 12468, 10375]
Average Expanded White Nodes: 10381.53
[7897, 10153, 9210, 12609, 9447, 7396, 10252, 11223, 8765, 8167, 10024, 10077, 7762, 17587, 7920, 15346, 7456, 9946, 12173, 9147, 10669, 7060, 9918, 10314, 8442, 14017, 9026, 16830, 15779, 10477, 11526, 8426, 9355, 8155, 8286, 8973, 8326, 16046, 8741, 13447, 8847, 13512, 11658, 12531, 9781, 8125, 7824, 8699, 8497, 8707, 8822, 11337, 8394, 10080, 10715, 8307, 9003, 8244, 13037, 6603, 11599, 9463, 15942, 14657, 11200, 11696, 8920, 4864, 9579, 10201, 11285, 13341, 10302, 10370, 8803, 13115, 6847, 8814, 9394, 9490, 8844, 7661, 8988, 10272, 15954, 10634, 9128, 9523, 8717, 14073, 13721, 13177, 8314, 10879, 8912, 16894, 9615, 10703, 12895, 10274]
Black Avg Expanded Node
[445.10, 443.00, 364.46, 406.45, 406.79, 437.68, 383.74, 479.59, 418.29, 369.61, 456.17, 405.77, 481.16, 387.85, 429.76, 455.59, 386.62, 475.95, 459.77, 475.20, 472.24, 419.68, 457.60, 495.16, 475.73, 379.90, 409.44, 410.91, 440.26, 474.30, 482.60, 415.91, 364.57, 420.18, 481.10, 409.65, 417.68, 404.66, 415.15, 284.09, 443.74, 341.00, 468.92, 410.96, 416.08, 393.70, 448.73, 363.12, 350.17, 361.08, 445.87, 339.86, 406.04, 396.84, 468.83, 407.43, 470.52, 415.04, 353.06, 370.47, 411.07, 427.28, 350.22, 416.16, 353.03, 410.04, 426.45, 355.29, 494.43, 405.04, 376.82, 392.83, 387.96, 380.76, 369.91, 346.00, 473.94, 423.79, 425.73, 422.86, 354.90, 480.10, 503.90, 444.68, 313.33, 438.37, 473.91, 372.65, 402.92, 357.37, 403.57, 438.50, 372.67, 439.32, 368.95, 439.34, 427.19, 506.62, 445.29, 415.00]
White Avg Expanded Node
[394.85, 423.04, 328.93, 450.32, 410.74, 410.89, 445.74, 415.67, 438.25, 371.23, 417.67, 387.58, 431.22, 439.68, 377.14, 479.56, 355.05, 497.30, 486.92, 457.35, 426.76, 371.58, 396.72, 412.56, 337.68, 452.16, 376.08, 525.94, 525.97, 455.52, 461.04, 383.00, 467.75, 370.68, 414.30, 345.12, 396.48, 433.68, 323.74, 407.48, 384.65, 386.06, 466.32, 522.13, 391.24, 353.26, 355.64, 347.96, 369.43, 334.88, 383.57, 390.93, 364.96, 403.20, 446.46, 377.59, 391.43, 329.76, 407.41, 366.83, 414.25, 378.52, 442.83, 488.57, 339.39, 487.33, 405.45, 347.43, 456.14, 392.35, 403.04, 444.70, 447.91, 414.80, 382.74, 409.84, 380.39, 367.25, 361.31, 451.90, 442.20, 403.21, 449.40, 410.88, 409.08, 393.85, 396.87, 380.92, 363.21, 402.09, 457.37, 439.23, 395.90, 435.16, 405.09, 544.97, 356.11, 509.67, 477.59, 410.96]
Black Avg Time to Make a Move (ms)
[1.85, 1.21, 0.93, 1.00, 1.30, 1.06, 1.00, 1.07, 2.55, 1.86, 1.46, 0.77, 0.83, 0.80, 0.76, 1.31, 0.81, 1.60, 1.52, 1.55, 1.12, 1.05, 0.80, 0.92, 0.72, 0.87, 0.92, 1.16, 0.93, 0.83, 1.04, 0.77, 0.90, 0.82, 1.05, 0.85, 0.67, 0.97, 0.93, 1.12, 0.96, 1.06, 1.00, 0.96, 1.00, 0.87, 0.95, 0.80, 1.04, 0.88, 1.13, 1.14, 1.00, 1.00, 0.92, 1.00, 0.91, 0.96, 1.00, 0.83, 1.14, 0.92, 1.28, 1.30, 0.88, 1.04, 1.09, 1.07, 0.95, 0.96, 1.18, 1.17, 0.87, 0.92, 1.00, 1.06, 0.83, 0.75, 1.15, 1.57, 1.15, 1.05, 1.25, 0.92, 1.03, 0.89, 0.91, 1.00, 1.08, 1.14, 0.90, 1.17, 1.14, 0.80, 0.77, 1.03, 0.93, 1.00, 0.81, 0.92]
White Avg Time to Make a Move (ms)
[3.00, 1.75, 1.43, 1.62, 2.46, 1.63, 1.22, 1.33, 2.67, 2.57, 1.54, 1.42, 1.21, 0.95, 1.24, 1.41, 1.14, 1.81, 1.58, 1.70, 1.60, 1.16, 1.40, 1.04, 1.54, 0.94, 1.00, 0.85, 1.06, 1.30, 1.24, 1.17, 0.90, 1.14, 1.05, 1.00, 1.14, 0.84, 1.15, 0.79, 1.13, 1.00, 1.08, 1.12, 0.92, 1.13, 1.32, 1.04, 0.91, 1.04, 1.35, 1.03, 1.48, 1.16, 1.33, 1.22, 1.30, 1.16, 1.00, 1.11, 1.43, 1.64, 1.25, 1.52, 1.24, 1.08, 1.27, 1.07, 1.38, 1.27, 1.07, 1.40, 1.13, 1.44, 1.09, 0.88, 1.28, 1.08, 1.19, 1.48, 0.90, 1.30, 1.05, 1.32, 0.98, 1.67, 1.22, 1.00, 1.08, 0.94, 0.97, 1.23, 1.19, 1.08, 1.00, 1.03, 1.07, 1.19, 1.07, 0.88]
=================================================

MATCHUP 6
=====================RESULT======================
Black won 21 matchups (21.00%)
White won 79 matchups (79.00%)

Average Black Move: 26.75
[29, 27, 35, 30, 16, 33, 15, 23, 27, 20, 28, 28, 31, 27, 24, 14, 32, 23, 22, 22, 21, 26, 28, 27, 29, 35, 29, 19, 32, 27, 28, 28, 25, 27, 18, 31, 31, 27, 35, 19, 21, 27, 31, 11, 22, 31, 33, 27, 38, 23, 24, 28, 17, 10, 35, 19, 40, 21, 18, 29, 26, 42, 38, 29, 31, 25, 26, 20, 25, 38, 30, 27, 35, 28, 23, 11, 33, 21, 29, 24, 41, 32, 14, 30, 18, 32, 40, 19, 28, 23, 28, 27, 24, 30, 34, 24, 38, 26, 25, 28]
Average White Move: 26.54
[29, 26, 35, 30, 16, 33, 14, 23, 27, 20, 27, 27, 31, 27, 24, 14, 32, 23, 22, 22, 20, 26, 28, 27, 29, 35, 29, 19, 32, 27, 28, 27, 25, 26, 18, 31, 31, 26, 35, 18, 21, 27, 31, 11, 22, 31, 33, 26, 38, 23, 24, 27, 16, 10, 35, 19, 40, 21, 18, 29, 26, 41, 38, 29, 31, 25, 25, 20, 24, 38, 30, 27, 35, 28, 23, 11, 33, 21, 29, 24, 41, 31, 14, 30, 18, 32, 40, 19, 28, 23, 28, 26, 24, 29, 33, 24, 37, 26, 25, 27]
Average White Piece Captured By Black: 1.20
[2, 0, 1, 1, 1, 3, 1, 1, 1, 0, 1, 1, 1, 0, 2, 0, 2, 1, 1, 0, 1, 2, 1, 3, 1, 3, 0, 1, 1, 1, 0, 1, 1, 0, 0, 0, 2, 0, 3, 3, 1, 1, 2, 1, 0, 3, 2, 0, 4, 0, 1, 3, 1, 0, 2, 0, 4, 0, 0, 1, 0, 3, 2, 0, 1, 3, 1, 1, 2, 0, 1, 0, 1, 1, 0, 0, 3, 0, 2, 0, 4, 0, 1, 1, 1, 2, 4, 0, 3, 1, 2, 1, 0, 0, 1, 1, 2, 1, 3, 1]
Average Black Piece Captured By White: 6.81
[8, 4, 9, 8, 4, 9, 3, 7, 8, 8, 7, 7, 5, 7, 8, 5, 8, 5, 6, 2, 4, 8, 9, 9, 8, 11, 9, 4, 9, 8, 9, 5, 5, 5, 6, 9, 9, 6, 10, 3, 1, 8, 8, 1, 5, 8, 8, 6, 9, 7, 3, 7, 2, 2, 9, 3, 10, 3, 4, 9, 8, 10, 10, 9, 9, 7, 7, 7, 5, 9, 9, 9, 9, 8, 7, 2, 9, 5, 9, 8, 9, 5, 3, 3, 6, 8, 12, 4, 8, 8, 8, 7, 4, 5, 9, 8, 9, 8, 9, 5]
Average Expanded Black Nodes: 7099.58
[7859, 7645, 7788, 7633, 5541, 8587, 4910, 6084, 7749, 5692, 8009, 6142, 8472, 7361, 6531, 4136, 6985, 6441, 6633, 6147, 5816, 6420, 7951, 7458, 7071, 8062, 7730, 5785, 8098, 7806, 7660, 7949, 7048, 7990, 5447, 7807, 7315, 7096, 7756, 5627, 6472, 7133, 7987, 3155, 6551, 8520, 7824, 7996, 8835, 6819, 6758, 7334, 5617, 2821, 7987, 5644, 8741, 6708, 5286, 7714, 7447, 9246, 8155, 7613, 7132, 7053, 6825, 5739, 6583, 9908, 7346, 8244, 7853, 9106, 6479, 3419, 7731, 5829, 7874, 5374, 9520, 9811, 4400, 8458, 4934, 7453, 9764, 5767, 7209, 6627, 7208, 7159, 7106, 7356, 6855, 6905, 10150, 7566, 6437, 8178]
Average Expanded White Nodes: 9394.09
[10424, 8540, 12440, 11312, 5565, 12390, 6901, 7185, 10101, 5843, 10486, 10474, 11964, 11144, 9349, 3088, 11149, 8821, 8543, 7941, 8957, 6322, 9973, 12302, 12359, 13455, 8041, 8746, 13561, 10912, 9598, 11112, 7844, 11736, 5389, 9995, 10102, 9297, 9467, 9835, 10298, 9986, 11448, 1575, 8231, 11341, 11047, 10486, 14885, 7186, 11370, 13931, 6795, 2638, 12108, 5619, 12707, 9481, 5897, 9290, 8584, 11942, 8597, 9944, 10024, 9178, 10803, 5980, 9523, 15520, 9598, 12103, 10018, 13608, 6640, 3386, 7901, 7057, 10172, 6442, 12387, 15913, 3858, 10440, 4233, 9295, 13465, 5250, 9292, 8150, 8890, 9568, 8993, 10378, 8372, 8561, 11658, 9010, 6205, 9489]
Black Avg Expanded Node
[271.00, 283.15, 222.51, 254.43, 346.31, 260.21, 327.33, 264.52, 287.00, 284.60, 286.04, 219.36, 273.29, 272.63, 272.13, 295.43, 218.28, 280.04, 301.50, 279.41, 276.95, 246.92, 283.96, 276.22, 243.83, 230.34, 266.55, 304.47, 253.06, 289.11, 273.57, 283.89, 281.92, 295.93, 302.61, 251.84, 235.97, 262.81, 221.60, 296.16, 308.19, 264.19, 257.65, 286.82, 297.77, 274.84, 237.09, 296.15, 232.50, 296.48, 281.58, 261.93, 330.41, 282.10, 228.20, 297.05, 218.53, 319.43, 293.67, 266.00, 286.42, 220.14, 214.61, 262.52, 230.06, 282.12, 262.50, 286.95, 263.32, 260.74, 244.87, 305.33, 224.37, 325.21, 281.70, 310.82, 234.27, 277.57, 271.52, 223.92, 232.20, 306.59, 314.29, 281.93, 274.11, 232.91, 244.10, 303.53, 257.46, 288.13, 257.43, 265.15, 296.08, 245.20, 201.62, 287.71, 267.11, 291.00, 257.48, 292.07]
White Avg Expanded Node
[359.45, 328.46, 355.43, 377.07, 347.81, 375.45, 492.93, 312.39, 374.11, 292.15, 388.37, 387.93, 385.94, 412.74, 389.54, 220.57, 348.41, 383.52, 388.32, 360.95, 447.85, 243.15, 356.18, 455.63, 426.17, 384.43, 277.28, 460.32, 423.78, 404.15, 342.79, 411.56, 313.76, 451.38, 299.39, 322.42, 325.87, 357.58, 270.49, 546.39, 490.38, 369.85, 369.29, 143.18, 374.14, 365.84, 334.76, 403.31, 391.71, 312.43, 473.75, 515.96, 424.69, 263.80, 345.94, 295.74, 317.68, 451.48, 327.61, 320.34, 330.15, 291.27, 226.24, 342.90, 323.35, 367.12, 432.12, 299.00, 396.79, 408.42, 319.93, 448.26, 286.23, 486.00, 288.70, 307.82, 239.42, 336.05, 350.76, 268.42, 302.12, 513.32, 275.57, 348.00, 235.17, 290.47, 336.63, 276.32, 331.86, 354.35, 317.50, 368.00, 374.71, 357.86, 253.70, 356.71, 315.08, 346.54, 248.20, 351.44]
Black Avg Time to Make a Move (ms)
[2.17, 1.46, 1.11, 1.50, 1.50, 1.61, 1.86, 0.91, 0.96, 0.75, 0.93, 1.04, 1.61, 1.22, 1.08, 0.86, 0.88, 1.17, 1.05, 0.73, 1.05, 0.77, 0.82, 0.96, 1.00, 1.26, 0.93, 1.47, 1.38, 0.96, 0.71, 0.85, 0.72, 1.00, 0.67, 0.87, 0.52, 0.88, 0.69, 1.06, 1.48, 1.33, 0.97, 0.45, 0.95, 0.81, 0.97, 1.00, 0.95, 0.61, 1.08, 1.22, 1.00, 1.30, 0.71, 0.84, 0.58, 1.14, 0.72, 0.72, 0.73, 0.59, 0.58, 0.83, 0.87, 0.72, 0.88, 0.65, 0.92, 0.87, 0.73, 1.04, 0.66, 0.96, 0.74, 0.73, 0.52, 0.67, 0.90, 0.79, 0.71, 1.13, 0.71, 0.87, 0.61, 0.72, 0.90, 0.95, 0.64, 1.00, 1.04, 0.77, 0.92, 1.00, 0.61, 0.88, 0.73, 0.85, 0.64, 0.96]
White Avg Time to Make a Move (ms)
[1.79, 1.07, 0.60, 1.07, 0.88, 0.91, 0.87, 0.65, 0.59, 0.90, 0.54, 0.64, 0.81, 1.04, 0.50, 0.57, 0.41, 0.35, 0.45, 0.82, 0.52, 0.38, 0.43, 0.41, 0.52, 0.80, 0.90, 0.84, 0.69, 0.56, 0.57, 0.64, 0.60, 0.63, 0.61, 0.48, 0.65, 0.52, 0.54, 0.74, 1.00, 0.70, 0.68, 1.00, 0.59, 0.45, 0.39, 0.56, 0.39, 0.61, 0.50, 0.29, 0.82, 0.30, 0.43, 0.58, 0.45, 0.62, 0.89, 0.55, 0.50, 0.57, 0.45, 0.45, 0.42, 0.56, 0.58, 0.60, 0.60, 0.63, 0.67, 0.59, 0.54, 0.64, 0.57, 0.82, 0.61, 0.76, 0.45, 0.46, 0.49, 0.75, 0.64, 0.63, 0.67, 0.47, 0.33, 0.63, 0.54, 0.39, 0.43, 0.74, 0.63, 0.50, 0.53, 0.46, 0.45, 0.54, 0.52, 0.61]
=================================================