MATCHUP 1
=====================RESULT======================
Black won 54 matchups (54.00%)
White won 46 matchups (46.00%)

Average Black Move: 38.10
[48, 45, 32, 48, 32, 41, 39, 47, 34, 47, 26, 44, 35, 31, 44, 44, 43, 41, 51, 20, 48, 48, 37, 25, 40, 49, 31, 31, 40, 47, 20, 26, 40, 22, 39, 45, 38, 39, 44, 38, 42, 32, 41, 42, 29, 47, 20, 37, 38, 43, 48, 33, 45, 45, 40, 43, 26, 41, 38, 28, 38, 47, 34, 22, 30, 44, 43, 45, 24, 32, 41, 45, 25, 50, 47, 36, 35, 42, 48, 40, 45, 39, 28, 35, 28, 43, 42, 40, 30, 36, 40, 37, 39, 44, 28, 46, 47, 34, 21, 43]
Average White Move: 37.56
[48, 45, 31, 48, 31, 41, 38, 46, 33, 47, 25, 44, 34, 31, 43, 43, 43, 41, 50, 19, 48, 48, 36, 25, 40, 48, 30, 31, 39, 46, 19, 25, 39, 22, 39, 45, 37, 38, 43, 38, 42, 31, 41, 42, 29, 47, 20, 36, 37, 43, 47, 32, 44, 44, 39, 42, 26, 40, 37, 27, 37, 47, 34, 21, 29, 43, 42, 44, 24, 31, 40, 44, 24, 50, 46, 36, 34, 42, 48, 40, 44, 39, 28, 35, 27, 43, 42, 40, 29, 36, 39, 36, 39, 43, 27, 45, 47, 34, 21, 43]
Average White Piece Captured By Black: 11.14
[11, 10, 8, 10, 11, 9, 11, 15, 11, 13, 11, 10, 10, 8, 9, 16, 10, 9, 12, 6, 10, 13, 14, 6, 10, 13, 9, 7, 12, 15, 8, 10, 14, 5, 10, 15, 16, 16, 13, 11, 9, 9, 9, 9, 8, 11, 5, 13, 16, 12, 16, 13, 16, 15, 16, 16, 7, 12, 14, 11, 16, 14, 9, 9, 11, 16, 11, 13, 7, 7, 14, 16, 10, 13, 15, 8, 11, 9, 15, 8, 16, 10, 7, 10, 8, 10, 8, 9, 9, 6, 16, 16, 10, 13, 9, 13, 13, 9, 5, 11]
Average Black Piece Captured By White: 11.12
[16, 16, 11, 16, 7, 16, 10, 11, 11, 15, 6, 16, 12, 10, 14, 11, 16, 16, 15, 7, 16, 15, 9, 10, 14, 15, 9, 8, 11, 10, 5, 3, 7, 7, 13, 13, 8, 7, 13, 12, 14, 9, 16, 16, 10, 16, 9, 10, 7, 13, 10, 8, 8, 10, 6, 10, 10, 12, 7, 6, 7, 14, 12, 2, 7, 10, 14, 12, 9, 13, 9, 11, 5, 15, 11, 16, 8, 16, 11, 16, 10, 12, 9, 13, 8, 15, 16, 16, 8, 16, 8, 7, 12, 12, 8, 13, 14, 11, 9, 13]
Average Expanded Black Nodes: 405455.84
[463389, 385492, 372861, 358381, 400531, 430509, 407670, 407593, 375156, 326962, 391895, 438516, 395032, 377014, 378723, 399155, 428545, 315384, 471659, 315763, 364518, 560963, 440336, 397718, 379357, 437168, 389453, 345334, 440683, 614065, 276772, 474159, 477115, 338904, 349114, 403225, 464479, 420615, 470438, 435607, 415513, 434442, 315911, 306333, 333952, 443528, 232753, 429202, 407749, 476456, 555510, 352717, 498655, 417582, 408691, 423024, 330987, 430510, 422756, 410146, 456677, 416936, 405328, 310276, 369191, 472342, 407981, 480675, 307591, 411489, 389287, 382185, 460081, 527790, 436612, 418096, 518470, 441946, 508180, 312768, 463015, 384639, 338340, 406415, 353435, 437038, 346842, 324287, 375142, 296650, 439177, 422740, 367932, 439671, 397256, 375749, 382759, 481979, 255753, 456194]
Average Expanded White Nodes: 72649.35
[92319, 70617, 62070, 76674, 72453, 89422, 84754, 70323, 67655, 59957, 54033, 78525, 73989, 71393, 74779, 68115, 75406, 71806, 85819, 44754, 87439, 98126, 71694, 75498, 81850, 86104, 59915, 75223, 80305, 91297, 46590, 80186, 79628, 55432, 69385, 65662, 78299, 66936, 73824, 70431, 79935, 89813, 71981, 77796, 64714, 74986, 44837, 73812, 68448, 79731, 86254, 51738, 76928, 82892, 73627, 66768, 59967, 78500, 64094, 63530, 70622, 74972, 65815, 52673, 69771, 79484, 78244, 75693, 49091, 68813, 78869, 71278, 75792, 85428, 64878, 77479, 89009, 77426, 78453, 75370, 69904, 70718, 74867, 72377, 73835, 96930, 69196, 71792, 70217, 61777, 71239, 68255, 75308, 76842, 62982, 83237, 72871, 69536, 42735, 82119]
Black Avg Expanded Node
[9653.94, 8566.49, 11651.91, 7466.27, 12516.59, 10500.22, 10453.08, 8672.19, 11034.00, 6956.64, 15072.88, 9966.27, 11286.63, 12161.74, 8607.34, 9071.70, 9966.16, 7692.29, 9248.22, 15788.15, 7594.13, 11686.73, 11900.97, 15908.72, 9483.93, 8921.80, 12563.00, 11139.81, 11017.08, 13065.21, 13838.60, 18236.88, 11927.88, 15404.73, 8951.64, 8960.56, 12223.13, 10785.00, 10691.77, 11463.34, 9893.17, 13576.31, 7705.15, 7293.64, 11515.59, 9436.77, 11637.65, 11600.05, 10730.24, 11080.37, 11573.13, 10688.39, 11081.22, 9279.60, 10217.28, 9837.77, 12730.27, 10500.24, 11125.16, 14648.07, 12017.82, 8870.98, 11921.41, 14103.45, 12306.37, 10735.05, 9487.93, 10681.67, 12816.29, 12859.03, 9494.80, 8493.00, 18403.24, 10555.80, 9289.62, 11613.78, 14813.43, 10522.52, 10587.08, 7819.20, 10289.22, 9862.54, 12083.57, 11611.86, 12622.68, 10163.67, 8258.14, 8107.18, 12504.73, 8240.28, 10979.43, 11425.41, 9434.15, 9992.52, 14187.71, 8168.46, 8143.81, 14175.85, 12178.71, 10609.16]
White Avg Expanded Node
[1923.31, 1569.27, 2002.26, 1597.38, 2337.19, 2181.02, 2230.37, 1528.76, 2050.15, 1275.68, 2161.32, 1784.66, 2176.15, 2303.00, 1739.05, 1584.07, 1753.63, 1751.37, 1716.38, 2355.47, 1821.65, 2044.29, 1991.50, 3019.92, 2046.25, 1793.83, 1997.17, 2426.55, 2059.10, 1984.72, 2452.11, 3207.44, 2041.74, 2519.64, 1779.10, 1459.16, 2116.19, 1761.47, 1716.84, 1853.45, 1903.21, 2897.19, 1755.63, 1852.29, 2231.52, 1595.45, 2241.85, 2050.33, 1849.95, 1854.21, 1835.19, 1616.81, 1748.36, 1883.91, 1887.87, 1589.71, 2306.42, 1962.50, 1732.27, 2352.96, 1908.70, 1595.15, 1935.74, 2508.24, 2405.90, 1848.47, 1862.95, 1720.30, 2045.46, 2219.77, 1971.73, 1619.95, 3158.00, 1708.56, 1410.39, 2152.19, 2617.91, 1843.48, 1634.44, 1884.25, 1588.73, 1813.28, 2673.82, 2067.91, 2734.63, 2254.19, 1647.52, 1794.80, 2421.28, 1716.03, 1826.64, 1895.97, 1930.97, 1787.02, 2332.67, 1849.71, 1550.45, 2045.18, 2035.00, 1909.74]
Black Avg Time to Make a Move (ms)
[3.88, 2.67, 3.58, 3.02, 4.23, 3.39, 3.89, 3.26, 4.88, 2.51, 3.92, 3.20, 4.00, 5.32, 3.09, 3.33, 3.93, 4.83, 3.44, 7.63, 4.81, 4.38, 3.56, 5.88, 4.05, 3.13, 4.53, 4.68, 3.90, 3.74, 5.37, 5.84, 4.44, 5.14, 3.38, 2.64, 4.51, 3.37, 3.42, 3.55, 4.21, 6.29, 3.88, 3.74, 4.83, 3.11, 5.65, 3.83, 3.32, 3.65, 3.26, 3.06, 2.89, 3.57, 3.49, 2.98, 4.69, 3.63, 3.43, 4.44, 3.54, 2.85, 3.82, 5.33, 4.31, 3.33, 3.29, 3.09, 4.38, 4.16, 3.53, 2.95, 5.38, 2.94, 2.48, 3.75, 4.32, 3.14, 3.02, 3.48, 2.66, 3.44, 5.00, 3.63, 5.00, 3.51, 2.98, 3.38, 4.62, 3.31, 3.05, 3.06, 3.49, 2.98, 4.00, 3.16, 2.60, 3.50, 3.90, 3.26]
White Avg Time to Make a Move (ms)
[23.69, 16.24, 23.63, 16.94, 28.88, 18.34, 21.23, 19.66, 23.91, 16.49, 26.88, 19.45, 27.06, 34.32, 17.48, 23.30, 24.35, 21.59, 17.35, 43.75, 22.79, 26.65, 25.73, 33.48, 21.40, 19.84, 27.13, 26.06, 24.43, 25.36, 35.45, 40.04, 27.33, 36.82, 20.33, 19.76, 27.61, 25.36, 21.80, 25.18, 25.12, 27.66, 17.63, 16.45, 27.93, 18.19, 32.90, 26.32, 23.61, 23.09, 22.13, 23.21, 21.60, 19.84, 24.78, 20.88, 27.96, 19.54, 22.39, 29.29, 20.61, 17.51, 25.76, 33.18, 28.10, 20.66, 18.65, 20.16, 28.75, 21.47, 19.02, 16.98, 32.28, 19.20, 15.98, 20.83, 28.11, 18.67, 19.50, 15.68, 18.11, 18.13, 25.18, 23.03, 28.75, 23.12, 16.21, 17.00, 25.23, 17.83, 21.83, 22.95, 17.74, 21.09, 26.43, 15.63, 17.49, 23.50, 27.62, 21.63]
=================================================

MATCHUP 2
=====================RESULT======================
Black won 34 matchups (34.00%)
White won 66 matchups (66.00%)

Average Black Move: 31.49
[35, 39, 20, 23, 13, 42, 46, 15, 40, 16, 15, 20, 32, 38, 37, 37, 27, 18, 39, 43, 47, 26, 20, 37, 36, 33, 27, 46, 34, 43, 18, 37, 31, 28, 37, 37, 29, 28, 43, 37, 40, 26, 47, 46, 26, 18, 26, 21, 35, 31, 19, 56, 38, 37, 20, 38, 18, 23, 24, 28, 30, 17, 15, 29, 28, 33, 21, 46, 34, 30, 23, 13, 33, 43, 29, 51, 18, 24, 26, 24, 32, 19, 39, 37, 27, 27, 38, 19, 37, 36, 22, 53, 39, 39, 28, 47, 40, 35, 30, 52]
Average White Move: 31.15
[35, 39, 19, 23, 13, 42, 46, 15, 40, 15, 15, 20, 31, 38, 37, 36, 27, 18, 38, 43, 47, 25, 20, 37, 35, 33, 27, 46, 34, 43, 18, 37, 31, 27, 37, 36, 28, 28, 43, 37, 40, 25, 47, 45, 25, 18, 25, 21, 34, 31, 18, 56, 37, 36, 20, 38, 18, 22, 24, 28, 29, 17, 14, 29, 28, 33, 21, 46, 34, 29, 22, 12, 33, 43, 29, 50, 18, 23, 26, 23, 31, 19, 39, 37, 27, 26, 38, 18, 37, 35, 21, 53, 39, 39, 28, 47, 40, 35, 29, 51]
Average White Piece Captured By Black: 1.76
[0, 1, 2, 3, 0, 2, 1, 1, 5, 1, 0, 2, 3, 2, 1, 2, 2, 2, 2, 2, 4, 0, 0, 2, 4, 1, 1, 3, 0, 3, 1, 3, 1, 0, 1, 3, 1, 1, 2, 1, 1, 1, 2, 3, 2, 1, 3, 2, 2, 1, 2, 2, 1, 1, 1, 2, 1, 1, 2, 1, 3, 1, 1, 0, 2, 1, 1, 3, 0, 5, 0, 1, 1, 1, 2, 2, 1, 3, 1, 3, 4, 2, 2, 2, 2, 1, 1, 3, 2, 4, 2, 2, 2, 0, 3, 3, 2, 1, 3, 5]
Average Black Piece Captured By White: 7.64
[8, 11, 3, 4, 2, 12, 14, 4, 9, 2, 2, 2, 5, 11, 9, 8, 6, 4, 10, 12, 12, 7, 3, 9, 7, 8, 7, 13, 10, 9, 4, 9, 11, 7, 10, 10, 7, 8, 9, 10, 13, 7, 12, 11, 7, 4, 5, 6, 8, 9, 2, 15, 8, 8, 4, 12, 4, 6, 8, 8, 7, 2, 1, 8, 6, 11, 4, 12, 10, 6, 5, 1, 8, 10, 6, 11, 3, 5, 8, 3, 5, 3, 9, 8, 7, 7, 11, 2, 11, 9, 4, 15, 11, 12, 5, 12, 13, 11, 7, 10]
Average Expanded Black Nodes: 136139.69
[186095, 131976, 92858, 160776, 44270, 201423, 85610, 128586, 216242, 217923, 90158, 161173, 207604, 155938, 109081, 116142, 151196, 145275, 185241, 244587, 223096, 103369, 70562, 104768, 209919, 87315, 95420, 116508, 118326, 110482, 184292, 141944, 97020, 89949, 126592, 205368, 92080, 86303, 163723, 144217, 98000, 107629, 178587, 182252, 160708, 103957, 109308, 84563, 103417, 88846, 71286, 298642, 180209, 159967, 99815, 141369, 103618, 80001, 210243, 119193, 166964, 46299, 87641, 66180, 107974, 67351, 102186, 129405, 97122, 168990, 106242, 88970, 176303, 174817, 113155, 137148, 145183, 133327, 88433, 149461, 286137, 152086, 121339, 103440, 148282, 95296, 104996, 225280, 109661, 131511, 120207, 207408, 172280, 74778, 149315, 215597, 166325, 114096, 91568, 186199]
Average Expanded White Nodes: 179657.13
[203448, 208562, 114079, 139898, 61953, 252904, 247241, 73445, 180011, 117059, 83192, 103217, 188745, 192879, 275880, 178987, 160789, 105002, 241755, 244105, 241702, 212019, 123476, 236738, 191813, 228087, 171856, 246819, 214047, 195301, 91263, 202629, 152163, 217908, 201363, 243389, 194054, 188475, 230755, 227834, 232070, 163152, 258936, 266373, 143246, 109819, 157428, 130694, 189779, 216578, 99699, 235531, 223759, 207552, 95584, 211479, 103671, 135752, 136676, 137263, 191026, 82988, 119218, 183936, 146311, 205917, 119292, 228132, 210444, 195483, 164802, 67866, 215257, 238637, 127515, 264108, 84545, 144539, 165946, 119857, 165025, 99459, 241825, 179693, 184095, 140974, 239041, 87174, 163790, 227390, 161076, 270088, 179746, 226850, 156967, 219940, 258621, 236999, 157554, 253704]
Black Avg Expanded Node
[5317.00, 3384.00, 4642.90, 6990.26, 3405.38, 4795.79, 1861.09, 8572.40, 5406.05, 13620.19, 6010.53, 8058.65, 6487.63, 4103.63, 2948.14, 3138.97, 5599.85, 8070.83, 4749.77, 5688.07, 4746.72, 3975.73, 3528.10, 2831.57, 5831.08, 2645.91, 3534.07, 2532.78, 3480.18, 2569.35, 10238.44, 3836.32, 3129.68, 3212.46, 3421.41, 5550.49, 3175.17, 3082.25, 3807.51, 3897.76, 2450.00, 4139.58, 3799.72, 3962.00, 6181.08, 5775.39, 4204.15, 4026.81, 2954.77, 2866.00, 3751.89, 5332.89, 4742.34, 4323.43, 4990.75, 3720.24, 5756.56, 3478.30, 8760.13, 4256.89, 5565.47, 2723.47, 5842.73, 2282.07, 3856.21, 2040.94, 4866.00, 2813.15, 2856.53, 5633.00, 4619.22, 6843.85, 5342.52, 4065.51, 3901.90, 2689.18, 8065.72, 5555.29, 3401.27, 6227.54, 8941.78, 8004.53, 3111.26, 2795.68, 5491.93, 3529.48, 2763.05, 11856.84, 2963.81, 3653.08, 5463.95, 3913.36, 4417.44, 1917.38, 5332.68, 4587.17, 4158.13, 3259.89, 3052.27, 3580.75]
White Avg Expanded Node
[5812.80, 5347.74, 6004.16, 6082.52, 4765.62, 6021.52, 5374.80, 4896.33, 4500.28, 7803.93, 5546.13, 5160.85, 6088.55, 5075.76, 7456.22, 4971.86, 5955.15, 5833.44, 6361.97, 5676.86, 5142.60, 8480.76, 6173.80, 6398.32, 5480.37, 6911.73, 6365.04, 5365.63, 6295.50, 4541.88, 5070.17, 5476.46, 4908.48, 8070.67, 5442.24, 6760.81, 6930.50, 6731.25, 5366.40, 6157.68, 5801.75, 6526.08, 5509.28, 5919.40, 5729.84, 6101.06, 6297.12, 6223.52, 5581.74, 6986.39, 5538.83, 4205.91, 6047.54, 5765.33, 4779.20, 5565.24, 5759.50, 6170.55, 5694.83, 4902.25, 6587.10, 4881.65, 8515.57, 6342.62, 5225.39, 6239.91, 5680.57, 4959.39, 6189.53, 6740.79, 7491.00, 5655.50, 6522.94, 5549.70, 4397.07, 5282.16, 4696.94, 6284.30, 6382.54, 5211.17, 5323.39, 5234.68, 6200.64, 4856.57, 6818.33, 5422.08, 6290.55, 4843.00, 4426.76, 6496.86, 7670.29, 5096.00, 4608.87, 5816.67, 5605.96, 4679.57, 6465.53, 6771.40, 5432.90, 4974.59]
Black Avg Time to Make a Move (ms)
[15.77, 10.72, 16.11, 12.35, 15.54, 13.26, 10.09, 10.73, 8.55, 17.93, 16.00, 12.95, 12.52, 11.42, 15.78, 11.22, 15.59, 12.28, 13.53, 14.70, 11.53, 16.24, 15.45, 12.81, 11.14, 15.45, 13.07, 9.70, 13.41, 9.77, 11.94, 10.22, 11.13, 15.93, 11.35, 12.14, 13.64, 13.07, 13.02, 12.38, 11.63, 12.72, 11.21, 12.82, 11.32, 14.39, 14.88, 14.71, 11.53, 12.84, 12.28, 8.66, 12.54, 11.11, 12.25, 11.42, 13.00, 12.45, 12.08, 10.89, 12.21, 11.41, 17.86, 13.48, 10.68, 11.39, 11.29, 9.20, 12.29, 13.14, 14.95, 13.58, 13.33, 10.28, 9.28, 9.22, 11.00, 12.43, 12.35, 11.48, 10.94, 11.84, 11.05, 10.19, 12.59, 11.04, 10.97, 10.39, 8.62, 11.31, 14.67, 8.79, 8.97, 10.87, 10.86, 8.45, 11.10, 11.46, 10.97, 8.41]
White Avg Time to Make a Move (ms)
[18.29, 8.87, 16.30, 19.65, 19.23, 13.95, 5.39, 26.73, 13.80, 39.63, 23.47, 26.85, 18.91, 11.87, 11.11, 9.19, 21.44, 20.33, 13.62, 19.98, 15.13, 10.15, 12.45, 8.89, 15.86, 8.12, 10.07, 6.63, 11.76, 7.07, 33.17, 9.95, 10.03, 10.43, 9.46, 13.73, 8.59, 9.64, 10.16, 11.43, 7.28, 12.19, 11.19, 9.93, 16.42, 19.94, 13.77, 12.86, 9.46, 7.87, 12.95, 13.77, 14.61, 13.38, 15.75, 8.87, 17.39, 10.43, 20.75, 14.04, 13.13, 11.94, 16.60, 7.31, 11.04, 6.55, 14.24, 7.24, 8.18, 13.30, 12.52, 21.08, 15.06, 10.02, 11.62, 6.47, 22.56, 15.83, 8.96, 17.08, 20.63, 21.32, 8.05, 7.76, 15.07, 10.52, 7.58, 30.00, 7.86, 8.67, 13.27, 10.38, 11.10, 5.28, 11.71, 10.34, 9.55, 8.26, 8.43, 7.33]
=================================================

MATCHUP 3
=====================RESULT======================
Black won 100 matchups (100.00%)
White won 0 matchups (0.00%)

Average Black Move: 24.19
[18, 14, 24, 28, 28, 24, 19, 21, 23, 29, 23, 29, 19, 29, 15, 33, 19, 33, 25, 35, 23, 22, 26, 25, 27, 26, 33, 21, 26, 32, 18, 25, 24, 26, 25, 16, 28, 20, 24, 24, 24, 25, 28, 25, 23, 19, 18, 22, 18, 37, 31, 18, 29, 29, 23, 22, 33, 31, 20, 15, 19, 17, 25, 29, 19, 20, 18, 28, 25, 19, 30, 24, 22, 33, 26, 22, 21, 24, 26, 21, 30, 20, 17, 35, 27, 27, 23, 32, 27, 24, 17, 25, 26, 22, 19, 22, 31, 26, 14, 18]
Average White Move: 23.19
[17, 13, 23, 27, 27, 23, 18, 20, 22, 28, 22, 28, 18, 28, 14, 32, 18, 32, 24, 34, 22, 21, 25, 24, 26, 25, 32, 20, 25, 31, 17, 24, 23, 25, 24, 15, 27, 19, 23, 23, 23, 24, 27, 24, 22, 18, 17, 21, 17, 36, 30, 17, 28, 28, 22, 21, 32, 30, 19, 14, 18, 16, 24, 28, 18, 19, 17, 27, 24, 18, 29, 23, 21, 32, 25, 21, 20, 23, 25, 20, 29, 19, 16, 34, 26, 26, 22, 31, 26, 23, 16, 24, 25, 21, 18, 21, 30, 25, 13, 17]
Average White Piece Captured By Black: 10.07
[8, 5, 12, 12, 13, 11, 9, 8, 11, 13, 10, 12, 8, 10, 6, 12, 8, 12, 11, 14, 12, 11, 10, 11, 11, 10, 12, 8, 12, 12, 6, 11, 11, 10, 12, 7, 12, 10, 12, 9, 10, 10, 11, 10, 11, 8, 7, 10, 7, 13, 11, 7, 13, 11, 9, 10, 13, 11, 8, 6, 7, 7, 11, 13, 8, 8, 6, 10, 11, 9, 11, 11, 11, 13, 11, 10, 8, 11, 12, 9, 12, 9, 6, 13, 10, 10, 10, 13, 13, 10, 7, 11, 11, 9, 8, 8, 14, 12, 7, 7]
Average Black Piece Captured By White: 3.85
[2, 1, 4, 5, 6, 3, 2, 3, 3, 5, 4, 6, 2, 6, 1, 8, 2, 7, 4, 8, 3, 2, 6, 4, 5, 4, 7, 3, 4, 5, 2, 4, 3, 5, 4, 1, 5, 2, 3, 4, 4, 4, 6, 4, 3, 2, 2, 2, 2, 7, 6, 2, 4, 6, 3, 3, 6, 6, 5, 1, 3, 3, 4, 4, 2, 3, 3, 6, 4, 3, 7, 4, 3, 6, 4, 3, 3, 4, 4, 2, 5, 3, 2, 6, 4, 5, 3, 6, 4, 4, 2, 4, 4, 3, 3, 3, 5, 5, 1, 2]
Average Expanded Black Nodes: 97088.31
[86027, 83938, 89151, 109171, 79805, 97598, 109325, 83219, 113914, 101156, 90363, 98807, 62998, 107567, 80789, 105560, 92457, 136418, 83888, 123462, 95111, 85881, 118425, 98789, 123091, 86541, 102074, 86426, 85121, 104013, 67211, 116934, 104356, 96533, 87276, 88765, 114010, 101943, 110886, 93804, 94212, 119179, 133160, 108231, 105316, 101245, 122258, 106953, 88468, 114551, 115639, 67381, 100679, 114715, 99656, 103453, 94269, 106573, 103910, 73175, 89335, 55278, 117502, 115988, 87858, 81436, 66421, 129870, 93983, 82749, 94206, 88786, 86672, 100148, 96627, 81744, 87431, 84339, 116254, 89440, 115282, 69481, 64256, 116360, 106765, 95761, 100884, 102917, 100927, 94440, 69534, 88063, 97011, 94032, 85357, 117476, 106182, 96855, 65934, 99421]
Average Expanded White Nodes: 65977.60
[62199, 57963, 67366, 65119, 63935, 57735, 83274, 64412, 73888, 66076, 63000, 74802, 51504, 88716, 49810, 70641, 69837, 87781, 64191, 76640, 65107, 55091, 66315, 54608, 80977, 61974, 71645, 60976, 63034, 79488, 47247, 65890, 66831, 65064, 52009, 61225, 76097, 57477, 66618, 71842, 69736, 63569, 79325, 72704, 66405, 77439, 83498, 61103, 59880, 86895, 83486, 52817, 68964, 68538, 67900, 69691, 70259, 69949, 59077, 51762, 50875, 39506, 75130, 77682, 61187, 58120, 44606, 80509, 83994, 58329, 64655, 57655, 69074, 65275, 66262, 55486, 53828, 58520, 71350, 54139, 72095, 52308, 49878, 69687, 68746, 74399, 72191, 70354, 67535, 68206, 50152, 66497, 75889, 74083, 62627, 79657, 67902, 62395, 49432, 66144]
Black Avg Expanded Node
[4779.28, 5995.57, 3714.63, 3898.96, 2850.18, 4066.58, 5753.95, 3962.81, 4952.78, 3488.14, 3928.83, 3407.14, 3315.68, 3709.21, 5385.93, 3198.79, 4866.16, 4133.88, 3355.52, 3527.49, 4135.26, 3903.68, 4554.81, 3951.56, 4558.93, 3328.50, 3093.15, 4115.52, 3273.88, 3250.41, 3733.94, 4677.36, 4348.17, 3712.81, 3491.04, 5547.81, 4071.79, 5097.15, 4620.25, 3908.50, 3925.50, 4767.16, 4755.71, 4329.24, 4578.96, 5328.68, 6792.11, 4861.50, 4914.89, 3095.97, 3730.29, 3743.39, 3471.69, 3955.69, 4332.87, 4702.41, 2856.64, 3437.84, 5195.50, 4878.33, 4701.84, 3251.65, 4700.08, 3999.59, 4624.11, 4071.80, 3690.06, 4638.21, 3759.32, 4355.21, 3140.20, 3699.42, 3939.64, 3034.79, 3716.42, 3715.64, 4163.38, 3514.13, 4471.31, 4259.05, 3842.73, 3474.05, 3779.76, 3324.57, 3954.26, 3546.70, 4386.26, 3216.16, 3738.04, 3935.00, 4090.24, 3522.52, 3731.19, 4274.18, 4492.47, 5339.82, 3425.23, 3725.19, 4709.57, 5523.39]
White Avg Expanded Node
[3658.76, 4458.69, 2928.96, 2411.81, 2367.96, 2510.22, 4626.33, 3220.60, 3358.55, 2359.86, 2863.64, 2671.50, 2861.33, 3168.43, 3557.86, 2207.53, 3879.83, 2743.16, 2674.63, 2254.12, 2959.41, 2623.38, 2652.60, 2275.33, 3114.50, 2478.96, 2238.91, 3048.80, 2521.36, 2564.13, 2779.24, 2745.42, 2905.70, 2602.56, 2167.04, 4081.67, 2818.41, 3025.11, 2896.43, 3123.57, 3032.00, 2648.71, 2937.96, 3029.33, 3018.41, 4302.17, 4911.65, 2909.67, 3522.35, 2413.75, 2782.87, 3106.88, 2463.00, 2447.79, 3086.36, 3318.62, 2195.59, 2331.63, 3109.32, 3697.29, 2826.39, 2469.13, 3130.42, 2774.36, 3399.28, 3058.95, 2623.88, 2981.81, 3499.75, 3240.50, 2229.48, 2506.74, 3289.24, 2039.84, 2650.48, 2642.19, 2691.40, 2544.35, 2854.00, 2706.95, 2486.03, 2753.05, 3117.38, 2049.62, 2644.08, 2861.50, 3281.41, 2269.48, 2597.50, 2965.48, 3134.50, 2770.71, 3035.56, 3527.76, 3479.28, 3793.19, 2263.40, 2495.80, 3802.46, 3890.82]
Black Avg Time to Make a Move (ms)
[10.53, 12.08, 6.00, 4.48, 4.59, 4.65, 8.89, 6.65, 7.73, 5.21, 6.64, 5.96, 7.17, 5.64, 7.57, 4.44, 10.56, 6.25, 6.42, 4.91, 8.23, 6.71, 5.68, 4.67, 7.62, 6.48, 6.31, 8.30, 7.52, 5.90, 7.65, 5.33, 5.39, 5.44, 4.54, 9.20, 6.00, 6.89, 5.78, 6.61, 7.52, 5.83, 5.48, 5.88, 6.32, 9.67, 10.41, 5.52, 7.59, 4.56, 5.00, 6.41, 4.39, 4.89, 6.36, 6.81, 3.94, 4.93, 7.05, 8.57, 6.56, 6.38, 5.75, 6.18, 7.94, 6.05, 6.47, 6.07, 6.50, 7.61, 4.41, 5.04, 7.10, 3.97, 5.12, 5.86, 5.90, 4.87, 6.16, 6.50, 5.03, 6.53, 7.75, 3.85, 5.15, 5.88, 7.27, 4.32, 5.19, 6.87, 7.44, 6.08, 5.84, 6.76, 7.61, 8.00, 5.17, 5.64, 8.85, 8.12]
White Avg Time to Make a Move (ms)
[16.22, 19.79, 12.25, 9.64, 7.25, 10.04, 15.58, 12.29, 15.04, 9.79, 11.91, 10.62, 10.63, 9.24, 14.53, 9.30, 17.05, 12.79, 9.92, 10.71, 14.65, 12.73, 11.65, 11.04, 16.41, 11.15, 11.06, 14.95, 11.58, 9.81, 12.67, 11.20, 11.08, 10.27, 10.32, 15.75, 10.96, 15.05, 13.21, 9.79, 12.46, 11.80, 11.00, 11.88, 13.52, 17.84, 18.00, 12.18, 14.28, 8.00, 9.94, 11.33, 9.17, 10.17, 10.96, 11.59, 6.91, 9.68, 13.55, 14.00, 12.26, 10.65, 12.08, 10.55, 13.53, 11.15, 12.44, 11.04, 10.32, 13.26, 8.57, 10.21, 11.32, 7.70, 9.27, 11.14, 12.05, 9.50, 12.96, 12.05, 11.00, 13.00, 12.35, 8.69, 9.85, 10.19, 14.00, 8.53, 10.22, 11.04, 13.12, 9.80, 10.00, 11.00, 11.16, 14.91, 9.00, 9.85, 14.64, 15.28]
=================================================

MATCHUP 4
=====================RESULT======================
Black won 99 matchups (99.00%)
White won 1 matchups (1.00%)

Average Black Move: 28.60
[24, 30, 27, 32, 37, 28, 22, 25, 22, 24, 32, 29, 30, 28, 26, 29, 30, 18, 30, 30, 30, 15, 33, 22, 23, 27, 33, 24, 16, 28, 22, 30, 32, 24, 26, 33, 25, 34, 30, 28, 19, 28, 31, 29, 31, 31, 31, 29, 36, 31, 28, 25, 32, 19, 30, 26, 25, 18, 35, 33, 29, 24, 36, 40, 31, 30, 37, 22, 27, 28, 32, 32, 36, 37, 32, 28, 23, 37, 23, 21, 41, 29, 33, 25, 30, 33, 27, 23, 44, 26, 30, 30, 21, 24, 35, 24, 17, 42, 40, 26]
Average White Move: 27.61
[23, 29, 26, 31, 36, 27, 21, 24, 21, 23, 31, 28, 29, 27, 25, 28, 29, 17, 29, 29, 29, 14, 32, 21, 22, 26, 32, 23, 15, 27, 21, 29, 31, 23, 25, 32, 24, 34, 29, 27, 18, 27, 30, 28, 30, 30, 30, 28, 35, 30, 27, 24, 31, 18, 29, 25, 24, 17, 34, 32, 28, 23, 35, 39, 30, 29, 36, 21, 26, 27, 31, 31, 35, 36, 31, 27, 22, 36, 22, 20, 40, 28, 32, 24, 29, 32, 26, 22, 43, 25, 29, 29, 20, 23, 34, 23, 16, 41, 39, 25]
Average White Piece Captured By Black: 9.77
[10, 5, 10, 9, 13, 10, 10, 10, 8, 8, 12, 9, 11, 11, 8, 13, 10, 7, 12, 9, 9, 6, 11, 10, 10, 9, 12, 12, 6, 12, 8, 9, 10, 9, 9, 11, 9, 8, 10, 9, 5, 10, 12, 13, 9, 9, 10, 10, 14, 11, 9, 8, 10, 7, 10, 10, 11, 7, 10, 12, 10, 8, 9, 11, 10, 12, 12, 9, 10, 8, 9, 8, 12, 13, 10, 8, 9, 13, 6, 10, 14, 10, 10, 7, 10, 13, 11, 6, 12, 11, 6, 11, 8, 9, 12, 9, 8, 13, 10, 9]
Average Black Piece Captured By White: 6.69
[4, 9, 4, 9, 9, 7, 4, 5, 4, 6, 7, 7, 7, 7, 7, 5, 8, 3, 7, 8, 7, 2, 8, 4, 6, 7, 7, 5, 2, 7, 4, 6, 8, 5, 7, 8, 5, 11, 7, 8, 4, 6, 7, 4, 8, 8, 9, 7, 8, 7, 6, 6, 8, 4, 8, 6, 5, 3, 8, 8, 8, 5, 9, 11, 8, 7, 8, 3, 8, 7, 8, 9, 10, 9, 8, 7, 4, 8, 5, 3, 9, 8, 7, 7, 7, 7, 6, 7, 12, 5, 8, 6, 5, 5, 9, 6, 2, 10, 10, 7]
Average Expanded Black Nodes: 94974.94
[87809, 73788, 101035, 75230, 99248, 95881, 74424, 88136, 90172, 83045, 88332, 107824, 108798, 115779, 63912, 89656, 101675, 86946, 92329, 95742, 105799, 79812, 108348, 86278, 88326, 86518, 92705, 93412, 69443, 83275, 74157, 137412, 108302, 70211, 94974, 117923, 99264, 78308, 91994, 76192, 119014, 116370, 106064, 88743, 87864, 100183, 90682, 90667, 142890, 110337, 76769, 97901, 114619, 74157, 84188, 95823, 84743, 65270, 120428, 109264, 88629, 88826, 109776, 97705, 107498, 114194, 93050, 114937, 83867, 105851, 100856, 93022, 104104, 113012, 109313, 105739, 82086, 95436, 82271, 108574, 89241, 89028, 110156, 65020, 92800, 89668, 89545, 58848, 124576, 99524, 100405, 96218, 84745, 84682, 78662, 104503, 76165, 113121, 125953, 87498]
Average Expanded White Nodes: 68587.86
[59229, 79537, 65129, 70417, 70024, 58345, 55028, 67057, 56992, 68185, 66679, 78607, 72615, 79930, 74286, 54968, 56042, 49394, 71991, 64029, 78322, 49088, 82508, 63804, 56517, 63306, 91603, 59233, 50711, 57980, 57777, 78027, 78960, 59640, 64916, 73634, 63981, 81948, 74223, 68843, 75339, 72296, 71533, 56580, 65013, 79644, 64031, 62198, 66550, 75391, 57988, 68414, 85970, 48697, 64487, 58953, 50162, 47824, 83583, 67571, 90348, 58364, 94729, 109589, 85421, 64419, 69673, 60803, 57856, 76709, 69768, 91083, 65991, 87077, 75955, 71949, 51965, 64717, 54888, 63416, 65364, 64450, 80056, 54556, 71036, 76302, 65404, 50933, 94067, 60998, 89356, 71640, 50988, 54961, 76731, 70275, 55120, 79703, 100454, 65943]
Black Avg Expanded Node
[3658.71, 2459.60, 3742.04, 2350.94, 2682.38, 3424.32, 3382.91, 3525.44, 4098.73, 3460.21, 2760.38, 3718.07, 3626.60, 4134.96, 2458.15, 3091.59, 3389.17, 4830.33, 3077.63, 3191.40, 3526.63, 5320.80, 3283.27, 3921.73, 3840.26, 3204.37, 2809.24, 3892.17, 4340.19, 2974.11, 3370.77, 4580.40, 3384.44, 2925.46, 3652.85, 3573.42, 3970.56, 2303.18, 3066.47, 2721.14, 6263.89, 4156.07, 3421.42, 3060.10, 2834.32, 3231.71, 2925.23, 3126.45, 3969.17, 3559.26, 2741.75, 3916.04, 3581.84, 3903.00, 2806.27, 3685.50, 3389.72, 3626.11, 3440.80, 3311.03, 3056.17, 3701.08, 3049.33, 2442.63, 3467.68, 3806.47, 2514.86, 5224.41, 3106.19, 3780.39, 3151.75, 2906.94, 2891.78, 3054.38, 3416.03, 3776.39, 3568.96, 2579.35, 3577.00, 5170.19, 2176.61, 3069.93, 3338.06, 2600.80, 3093.33, 2717.21, 3316.48, 2558.61, 2831.27, 3827.85, 3346.83, 3207.27, 4035.48, 3528.42, 2247.49, 4354.29, 4480.29, 2693.36, 3148.83, 3365.31]
White Avg Expanded Node
[2575.17, 2742.66, 2504.96, 2271.52, 1945.11, 2160.93, 2620.38, 2794.04, 2713.90, 2964.57, 2150.94, 2807.39, 2503.97, 2960.37, 2971.44, 1963.14, 1932.48, 2905.53, 2482.45, 2207.90, 2700.76, 3506.29, 2578.38, 3038.29, 2568.95, 2434.85, 2862.59, 2575.35, 3380.73, 2147.41, 2751.29, 2690.59, 2547.10, 2593.04, 2596.64, 2301.06, 2665.88, 2410.24, 2559.41, 2549.74, 4185.50, 2677.63, 2384.43, 2020.71, 2167.10, 2654.80, 2134.37, 2221.36, 1901.43, 2513.03, 2147.70, 2850.58, 2773.23, 2705.39, 2223.69, 2358.12, 2090.08, 2813.18, 2458.32, 2111.59, 3226.71, 2537.57, 2706.54, 2809.97, 2847.37, 2221.34, 1935.36, 2895.38, 2225.23, 2841.07, 2250.58, 2938.16, 1885.46, 2418.81, 2450.16, 2664.78, 2362.05, 1797.69, 2494.91, 3170.80, 1634.10, 2301.79, 2501.75, 2273.17, 2449.52, 2384.44, 2515.54, 2315.14, 2187.60, 2439.92, 3081.24, 2470.34, 2549.40, 2389.61, 2256.79, 3055.43, 3445.00, 1943.98, 2575.74, 2637.72]
Black Avg Time to Make a Move (ms)
[7.65, 7.31, 5.42, 4.10, 3.72, 5.22, 7.29, 7.54, 6.71, 8.35, 5.00, 5.14, 4.97, 6.89, 7.24, 5.11, 5.41, 8.29, 5.93, 5.03, 5.55, 7.64, 4.53, 5.38, 5.64, 4.65, 4.25, 5.09, 9.07, 4.56, 5.52, 5.41, 4.65, 5.22, 5.04, 4.91, 6.08, 5.06, 4.31, 4.93, 8.17, 5.41, 4.83, 4.57, 4.47, 4.77, 3.90, 4.54, 3.74, 4.57, 4.22, 6.17, 5.23, 5.94, 4.07, 4.76, 4.29, 6.35, 4.74, 4.16, 5.96, 5.57, 5.23, 4.97, 5.33, 4.14, 3.44, 6.05, 4.81, 5.74, 4.39, 6.06, 4.51, 4.31, 5.32, 4.78, 6.09, 3.92, 5.64, 6.65, 2.78, 5.07, 4.72, 4.50, 4.93, 5.00, 5.08, 5.32, 4.07, 5.36, 6.10, 4.45, 5.15, 4.91, 4.21, 5.48, 7.44, 4.05, 4.46, 5.24]
White Avg Time to Make a Move (ms)
[14.83, 10.80, 11.56, 6.41, 7.49, 11.04, 14.95, 13.32, 13.09, 11.75, 9.56, 9.66, 10.30, 11.64, 9.19, 13.17, 10.70, 16.89, 10.97, 9.90, 10.83, 15.67, 7.48, 12.50, 10.48, 8.52, 8.09, 11.88, 15.00, 9.04, 12.41, 10.63, 8.56, 8.75, 9.73, 8.67, 11.20, 6.82, 8.40, 7.32, 13.26, 10.46, 8.39, 8.93, 7.35, 7.65, 7.48, 8.86, 9.47, 9.55, 7.07, 10.40, 7.66, 9.89, 8.57, 10.96, 9.40, 11.39, 9.46, 8.55, 7.97, 10.92, 6.92, 6.93, 9.06, 8.83, 6.86, 13.05, 8.37, 9.57, 8.94, 8.59, 7.19, 7.76, 9.00, 9.11, 11.30, 7.03, 11.26, 13.48, 4.98, 8.90, 9.15, 7.96, 8.50, 7.18, 10.07, 8.26, 7.23, 11.38, 8.57, 8.93, 10.43, 9.08, 5.60, 10.46, 12.76, 6.50, 6.95, 8.31]
=================================================

MATCHUP 5
=====================RESULT======================
Black won 58 matchups (58.00%)
White won 42 matchups (42.00%)

Average Black Move: 26.33
[37, 27, 26, 20, 31, 22, 33, 26, 26, 25, 17, 22, 19, 33, 31, 20, 18, 26, 19, 18, 21, 35, 21, 27, 36, 22, 24, 27, 26, 43, 27, 16, 16, 31, 24, 30, 39, 23, 32, 24, 34, 28, 27, 30, 42, 25, 23, 28, 30, 19, 36, 20, 24, 28, 31, 28, 17, 28, 22, 24, 29, 25, 27, 34, 15, 30, 28, 25, 28, 31, 18, 30, 21, 33, 31, 23, 34, 23, 36, 29, 23, 24, 28, 33, 22, 22, 24, 23, 29, 22, 21, 25, 39, 27, 23, 27, 27, 18, 24, 18]
Average White Move: 25.75
[36, 26, 25, 20, 30, 21, 32, 26, 26, 24, 16, 21, 18, 33, 30, 19, 18, 25, 19, 18, 21, 34, 20, 27, 35, 21, 23, 27, 25, 43, 26, 16, 15, 30, 23, 29, 39, 22, 32, 23, 34, 27, 26, 30, 42, 24, 22, 28, 30, 19, 36, 19, 23, 28, 31, 27, 16, 28, 22, 23, 28, 24, 26, 34, 14, 29, 28, 25, 28, 30, 17, 29, 21, 32, 30, 22, 34, 22, 36, 29, 23, 23, 28, 33, 22, 21, 24, 22, 28, 21, 20, 25, 39, 27, 22, 26, 26, 17, 23, 18]
Average White Piece Captured By Black: 3.03
[7, 2, 4, 1, 3, 5, 3, 2, 0, 3, 2, 2, 2, 1, 4, 3, 1, 3, 1, 1, 1, 7, 4, 2, 2, 2, 3, 0, 5, 6, 5, 0, 2, 6, 5, 5, 1, 2, 5, 3, 4, 4, 3, 2, 6, 3, 4, 3, 2, 2, 5, 3, 5, 3, 5, 6, 1, 4, 3, 3, 6, 2, 3, 2, 1, 5, 1, 3, 0, 4, 1, 3, 1, 3, 6, 2, 4, 1, 4, 3, 2, 4, 2, 0, 2, 4, 4, 2, 2, 5, 2, 4, 6, 4, 4, 4, 4, 0, 5, 1]
Average Black Piece Captured By White: 3.71
[7, 5, 3, 4, 4, 0, 5, 4, 0, 2, 0, 1, 1, 9, 7, 2, 1, 0, 7, 3, 1, 5, 1, 6, 10, 1, 3, 5, 2, 10, 2, 1, 0, 3, 3, 3, 9, 2, 4, 1, 6, 4, 3, 8, 4, 1, 2, 8, 3, 5, 8, 1, 2, 9, 3, 4, 1, 5, 5, 5, 4, 2, 1, 9, 0, 3, 5, 7, 8, 4, 1, 3, 3, 7, 2, 3, 6, 2, 12, 2, 4, 2, 0, 8, 4, 1, 3, 0, 0, 3, 2, 5, 9, 5, 2, 3, 3, 0, 4, 5]
Average Expanded Black Nodes: 211753.41
[458107, 360529, 163393, 190970, 239055, 173137, 314612, 286915, 236657, 217385, 127330, 182749, 157752, 262397, 383306, 181193, 111535, 181127, 165436, 140005, 103645, 226229, 177345, 170434, 240350, 187577, 220272, 73803, 173715, 298239, 219282, 111971, 108963, 231398, 205669, 193399, 344080, 280975, 183465, 164751, 470601, 218016, 285767, 155104, 280367, 148544, 165577, 266594, 153320, 167380, 242891, 181264, 176028, 334927, 170759, 349585, 106828, 169411, 187007, 290849, 223010, 146248, 221740, 301092, 102597, 272547, 188255, 256152, 80337, 259645, 124578, 210843, 132772, 170424, 306198, 200819, 240540, 160753, 208903, 244597, 257273, 182773, 277949, 203464, 145603, 121469, 163921, 169315, 363140, 138317, 249481, 146362, 332323, 281898, 145884, 313255, 218214, 128791, 205129, 108759]
Average Expanded White Nodes: 158263.50
[189886, 192176, 153152, 140946, 164319, 121985, 176180, 157778, 167912, 129104, 82329, 152370, 112610, 189464, 217575, 156658, 106001, 141326, 99890, 84091, 137016, 192816, 118389, 182221, 227488, 115087, 181221, 186106, 162543, 215722, 173780, 88528, 92283, 157008, 154040, 172210, 217116, 151970, 193946, 151232, 191779, 169642, 146534, 193880, 213944, 132819, 128512, 153110, 161195, 139425, 208747, 120918, 134638, 190382, 139355, 194707, 104156, 159570, 155067, 144748, 160250, 150595, 152689, 188315, 82051, 196394, 178248, 134306, 191380, 224628, 128061, 156542, 134224, 203257, 200963, 151265, 196800, 121093, 185466, 158076, 135754, 155482, 204294, 248868, 173862, 115346, 195992, 148670, 187541, 130519, 156231, 125240, 250746, 135165, 122323, 159558, 161554, 94123, 127868, 113009]
Black Avg Expanded Node
[12381.27, 13352.93, 6284.35, 9548.50, 7711.45, 7869.86, 9533.70, 11035.19, 9102.19, 8695.40, 7490.00, 8306.77, 8302.74, 7951.42, 12364.71, 9059.65, 6196.39, 6966.42, 8707.16, 7778.06, 4935.48, 6463.69, 8445.00, 6312.37, 6676.39, 8526.23, 9178.00, 2733.44, 6681.35, 6935.79, 8121.56, 6998.19, 6810.19, 7464.45, 8569.54, 6446.63, 8822.56, 12216.30, 5733.28, 6864.63, 13841.21, 7786.29, 10583.96, 5170.13, 6675.40, 5941.76, 7199.00, 9521.21, 5110.67, 8809.47, 6746.97, 9063.20, 7334.50, 11961.68, 5508.35, 12485.18, 6284.00, 6050.39, 8500.32, 12118.71, 7690.00, 5849.92, 8212.59, 8855.65, 6839.80, 9084.90, 6723.39, 10246.08, 2869.18, 8375.65, 6921.00, 7028.10, 6322.48, 5164.36, 9877.35, 8731.26, 7074.71, 6989.26, 5802.86, 8434.38, 11185.78, 7615.54, 9926.75, 6165.58, 6618.32, 5521.32, 6830.04, 7361.52, 12522.07, 6287.14, 11880.05, 5854.48, 8521.10, 10440.67, 6342.78, 11602.04, 8082.00, 7155.06, 8547.04, 6042.17]
White Avg Expanded Node
[5274.61, 7391.38, 6126.08, 7047.30, 5477.30, 5808.81, 5505.63, 6068.38, 6458.15, 5379.33, 5145.56, 7255.71, 6256.11, 5741.33, 7252.50, 8245.16, 5888.94, 5653.04, 5257.37, 4671.72, 6524.57, 5671.06, 5919.45, 6748.93, 6499.66, 5480.33, 7879.17, 6892.81, 6501.72, 5016.79, 6683.85, 5533.00, 6152.20, 5233.60, 6697.39, 5938.28, 5567.08, 6907.73, 6060.81, 6575.30, 5640.56, 6283.04, 5635.92, 6462.67, 5093.90, 5534.13, 5841.45, 5468.21, 5373.17, 7338.16, 5798.53, 6364.11, 5853.83, 6799.36, 4495.32, 7211.37, 6509.75, 5698.93, 7048.50, 6293.39, 5723.21, 6274.79, 5872.65, 5538.68, 5860.79, 6772.21, 6366.00, 5372.24, 6835.00, 7487.60, 7533.00, 5398.00, 6391.62, 6351.78, 6698.77, 6875.68, 5788.24, 5504.23, 5151.83, 5450.90, 5902.35, 6760.09, 7296.21, 7541.45, 7902.82, 5492.67, 8166.33, 6757.73, 6697.89, 6215.19, 7811.55, 5009.60, 6429.38, 5006.11, 5560.14, 6136.85, 6213.62, 5536.65, 5559.48, 6278.28]
Black Avg Time to Make a Move (ms)
[15.94, 20.46, 16.08, 20.05, 13.97, 12.90, 11.94, 13.92, 14.08, 13.42, 12.81, 15.48, 13.83, 14.09, 14.43, 16.68, 13.89, 13.92, 11.89, 11.83, 15.76, 11.82, 13.90, 12.96, 13.43, 11.90, 18.30, 17.37, 15.88, 10.65, 15.38, 13.94, 13.53, 12.07, 14.74, 13.48, 13.85, 12.86, 13.34, 14.70, 10.24, 13.04, 12.35, 13.50, 10.50, 13.17, 14.23, 10.75, 11.80, 13.37, 10.64, 14.79, 11.70, 12.29, 10.77, 13.70, 12.88, 13.04, 12.73, 11.78, 11.11, 12.46, 12.04, 10.68, 11.57, 12.97, 12.43, 11.04, 13.46, 15.20, 13.76, 12.79, 11.90, 11.44, 13.50, 12.95, 11.03, 12.23, 9.17, 10.69, 11.39, 13.74, 12.32, 14.03, 14.05, 11.62, 13.33, 13.32, 12.25, 11.76, 14.30, 9.52, 11.41, 9.93, 11.36, 10.92, 12.27, 12.71, 10.70, 12.17]
White Avg Time to Make a Move (ms)
[36.57, 37.52, 19.38, 29.80, 21.16, 21.27, 23.09, 26.69, 26.27, 20.56, 20.18, 19.14, 20.63, 21.12, 24.94, 22.20, 17.39, 17.73, 25.58, 23.78, 14.71, 15.89, 22.00, 16.63, 15.17, 24.05, 21.92, 9.63, 18.35, 14.53, 19.26, 20.56, 19.88, 17.13, 19.50, 16.57, 25.00, 27.26, 14.56, 17.00, 30.76, 16.29, 24.22, 12.40, 14.90, 16.32, 17.04, 23.07, 12.83, 20.79, 14.44, 20.10, 16.67, 22.04, 13.26, 24.21, 16.65, 13.29, 21.82, 26.21, 15.83, 14.16, 19.33, 19.41, 16.60, 18.07, 17.11, 21.88, 7.79, 17.71, 16.44, 16.00, 15.86, 11.67, 19.81, 19.17, 13.85, 15.30, 12.47, 17.79, 24.65, 17.00, 22.29, 13.45, 14.23, 14.09, 14.21, 16.22, 27.52, 13.68, 24.43, 14.52, 17.26, 22.89, 14.04, 25.26, 16.59, 16.00, 19.88, 16.89]
=================================================

MATCHUP 6
=====================RESULT======================
Black won 51 matchups (51.00%)
White won 49 matchups (49.00%)

Average Black Move: 33.11
[36, 26, 27, 18, 21, 24, 29, 15, 41, 52, 40, 50, 23, 45, 52, 43, 39, 22, 34, 50, 29, 44, 44, 15, 14, 48, 18, 50, 20, 43, 24, 32, 13, 29, 39, 40, 25, 24, 44, 48, 42, 37, 29, 21, 49, 44, 44, 22, 42, 38, 43, 30, 47, 32, 48, 23, 45, 54, 46, 18, 50, 29, 47, 26, 28, 47, 23, 46, 27, 48, 22, 33, 17, 17, 36, 29, 33, 30, 24, 32, 28, 23, 26, 37, 22, 26, 25, 29, 23, 21, 46, 45, 29, 16, 41, 20, 18, 33, 22, 53]
Average White Move: 32.60
[35, 25, 26, 18, 20, 24, 28, 14, 40, 52, 39, 50, 22, 45, 52, 43, 39, 21, 34, 50, 28, 44, 44, 14, 13, 48, 17, 50, 19, 43, 23, 31, 12, 29, 39, 40, 24, 23, 44, 48, 42, 37, 28, 20, 49, 44, 44, 21, 42, 38, 43, 29, 47, 32, 48, 22, 45, 54, 46, 17, 50, 28, 47, 25, 27, 47, 23, 46, 26, 48, 22, 32, 16, 17, 36, 28, 32, 29, 23, 31, 27, 22, 25, 37, 21, 25, 24, 29, 22, 20, 46, 45, 28, 15, 41, 19, 17, 32, 21, 53]
Average White Piece Captured By Black: 5.28
[9, 7, 6, 1, 7, 2, 11, 4, 8, 3, 9, 2, 2, 3, 8, 3, 6, 4, 1, 4, 8, 2, 2, 3, 2, 4, 4, 4, 6, 1, 8, 10, 3, 3, 3, 7, 7, 6, 4, 6, 3, 5, 10, 3, 3, 2, 6, 8, 4, 4, 6, 11, 5, 6, 5, 7, 4, 7, 8, 3, 2, 7, 2, 5, 11, 6, 2, 5, 5, 6, 2, 10, 4, 1, 4, 6, 8, 7, 7, 10, 11, 6, 8, 5, 6, 4, 9, 1, 6, 5, 3, 4, 7, 5, 4, 8, 4, 6, 7, 6]
Average Black Piece Captured By White: 9.72
[11, 7, 8, 4, 5, 7, 6, 2, 11, 16, 11, 16, 7, 15, 15, 16, 10, 6, 10, 14, 8, 16, 16, 4, 2, 16, 4, 16, 6, 16, 6, 8, 2, 9, 12, 10, 7, 6, 13, 16, 16, 10, 7, 5, 16, 13, 12, 4, 16, 13, 12, 8, 14, 9, 16, 6, 16, 16, 16, 4, 15, 9, 16, 9, 6, 12, 9, 16, 8, 14, 6, 8, 4, 5, 12, 9, 10, 8, 6, 8, 7, 6, 6, 13, 6, 7, 5, 10, 7, 5, 13, 16, 8, 4, 12, 4, 5, 9, 5, 15]
Average Expanded Black Nodes: 75943.21
[63650, 83506, 69175, 39996, 79424, 55650, 77418, 53240, 108745, 81479, 108975, 88167, 79699, 75212, 97254, 82115, 90895, 79252, 91243, 93703, 90214, 53612, 48512, 49575, 47663, 77350, 70466, 83075, 60364, 46703, 62757, 88309, 43272, 52832, 65462, 133059, 84091, 69552, 112480, 85766, 74581, 68413, 84263, 61734, 59967, 77370, 80356, 95551, 84864, 84772, 86235, 85578, 99693, 88673, 89817, 64921, 66725, 92348, 70002, 61836, 84198, 80287, 73834, 72533, 65261, 64715, 52165, 72609, 70436, 73212, 60115, 95724, 58249, 45274, 74018, 74607, 88303, 83216, 65251, 95627, 71906, 80684, 74573, 53151, 68419, 79748, 84779, 75297, 73600, 83068, 97118, 93722, 92009, 45424, 77279, 60460, 58013, 112507, 80384, 80935]
Average Expanded White Nodes: 104160.42
[103469, 99461, 106216, 59588, 63993, 92290, 56557, 61661, 121395, 138571, 146010, 151363, 107778, 134830, 113885, 120285, 99394, 96968, 122850, 166142, 119056, 135602, 112465, 57855, 59524, 119447, 82554, 129824, 60392, 107130, 65693, 94410, 47694, 97679, 123016, 132362, 90663, 82101, 161119, 109508, 135402, 108955, 84202, 83172, 136062, 142886, 113931, 81507, 137274, 109911, 136886, 80291, 125676, 118718, 173686, 79708, 115944, 126060, 94850, 73121, 143198, 101740, 126628, 118398, 71129, 125768, 68379, 140889, 91488, 90845, 88330, 149325, 74393, 72627, 108361, 106037, 119736, 108001, 67312, 103506, 59089, 104397, 90474, 110962, 77681, 83263, 69388, 110416, 71627, 94104, 151670, 150519, 99286, 51136, 125152, 60757, 68364, 128306, 90109, 134210]
Black Avg Expanded Node
[1768.06, 3211.77, 2562.04, 2222.00, 3782.10, 2318.75, 2669.59, 3549.33, 2652.32, 1566.90, 2724.38, 1763.34, 3465.17, 1671.38, 1870.27, 1909.65, 2330.64, 3602.36, 2683.62, 1874.06, 3110.83, 1218.45, 1102.55, 3305.00, 3404.50, 1611.46, 3914.78, 1661.50, 3018.20, 1086.12, 2614.88, 2759.66, 3328.62, 1821.79, 1678.51, 3326.48, 3363.64, 2898.00, 2556.36, 1786.79, 1775.74, 1849.00, 2905.62, 2939.71, 1223.82, 1758.41, 1826.27, 4343.23, 2020.57, 2230.84, 2005.47, 2852.60, 2121.13, 2771.03, 1871.19, 2822.65, 1482.78, 1710.15, 1521.78, 3435.33, 1683.96, 2768.52, 1570.94, 2789.73, 2330.75, 1376.91, 2268.04, 1578.46, 2608.74, 1525.25, 2732.50, 2900.73, 3426.41, 2663.18, 2056.06, 2572.66, 2675.85, 2773.87, 2718.79, 2988.34, 2568.07, 3508.00, 2868.19, 1436.51, 3109.95, 3067.23, 3391.16, 2596.45, 3200.00, 3955.62, 2111.26, 2082.71, 3172.72, 2839.00, 1884.85, 3023.00, 3222.94, 3409.30, 3653.82, 1527.08]
White Avg Expanded Node
[2956.26, 3978.44, 4085.23, 3310.44, 3199.65, 3845.42, 2019.89, 4404.36, 3034.88, 2664.83, 3743.85, 3027.26, 4899.00, 2996.22, 2190.10, 2797.33, 2548.56, 4617.52, 3613.24, 3322.84, 4252.00, 3081.86, 2556.02, 4132.50, 4578.77, 2488.48, 4856.12, 2596.48, 3178.53, 2491.40, 2856.22, 3045.48, 3974.50, 3368.24, 3154.26, 3309.05, 3777.63, 3569.61, 3661.80, 2281.42, 3223.86, 2944.73, 3007.21, 4158.60, 2776.78, 3247.41, 2589.34, 3881.29, 3268.43, 2892.39, 3183.40, 2768.66, 2673.96, 3709.94, 3618.46, 3623.09, 2576.53, 2334.44, 2061.96, 4301.24, 2863.96, 3633.57, 2694.21, 4735.92, 2634.41, 2675.91, 2973.00, 3062.80, 3518.77, 1892.60, 4015.00, 4666.41, 4649.56, 4272.18, 3010.03, 3787.04, 3741.75, 3724.17, 2926.61, 3338.90, 2188.48, 4745.32, 3618.96, 2998.97, 3699.10, 3330.52, 2891.17, 3807.45, 3255.77, 4705.20, 3297.17, 3344.87, 3545.93, 3409.07, 3052.49, 3197.74, 4021.41, 4009.56, 4290.90, 2532.26]
Black Avg Time to Make a Move (ms)
[11.09, 10.60, 11.19, 9.22, 8.05, 8.75, 5.86, 11.64, 6.55, 6.29, 8.90, 6.84, 12.77, 7.16, 5.00, 6.91, 5.64, 10.86, 9.00, 7.12, 9.68, 6.84, 5.80, 11.86, 12.54, 5.69, 11.12, 5.74, 9.05, 6.30, 6.87, 6.97, 11.58, 8.07, 6.85, 7.68, 8.88, 9.65, 8.05, 5.63, 7.64, 7.05, 8.71, 10.65, 7.10, 6.98, 6.70, 8.95, 7.40, 6.76, 7.70, 6.86, 5.91, 8.69, 7.79, 8.95, 6.36, 5.33, 4.72, 11.00, 5.76, 7.93, 5.70, 10.12, 5.96, 5.64, 7.57, 5.98, 8.12, 3.96, 8.86, 9.16, 10.69, 10.35, 6.36, 8.71, 8.13, 8.45, 7.13, 7.84, 6.19, 9.50, 8.12, 6.19, 8.29, 8.24, 6.67, 8.24, 7.59, 10.25, 6.85, 6.44, 7.43, 8.20, 6.37, 7.74, 10.59, 8.34, 9.67, 5.49]
White Avg Time to Make a Move (ms)
[8.92, 9.81, 9.33, 9.44, 10.10, 7.67, 7.62, 13.27, 6.39, 4.33, 7.65, 5.08, 10.87, 4.73, 5.33, 6.14, 6.56, 10.55, 8.74, 4.72, 8.69, 4.39, 3.89, 12.53, 12.93, 5.31, 12.61, 4.94, 10.15, 3.77, 7.50, 7.25, 11.92, 6.17, 5.56, 9.10, 9.56, 9.00, 6.45, 5.46, 5.52, 5.24, 8.59, 9.81, 4.71, 5.64, 5.55, 11.09, 5.98, 6.34, 5.84, 8.07, 5.40, 8.84, 5.25, 8.57, 5.22, 5.35, 4.76, 11.17, 4.04, 7.34, 4.49, 7.73, 6.57, 3.89, 7.61, 4.07, 7.56, 4.35, 8.55, 7.12, 10.18, 8.41, 5.42, 7.17, 7.55, 8.57, 8.92, 7.81, 7.43, 9.13, 8.27, 4.43, 8.27, 8.38, 9.40, 7.83, 9.04, 10.00, 5.22, 5.07, 6.62, 8.75, 6.15, 9.25, 10.67, 7.67, 10.68, 4.68]
=================================================