MATCHUP 1
=====================RESULT======================
Black won 34 matchups (34.00%)
White won 66 matchups (66.00%)

Average Black Move: 36.38
[31, 48, 27, 40, 47, 41, 22, 46, 32, 25, 52, 30, 41, 46, 41, 16, 44, 43, 34, 28, 39, 18, 23, 44, 27, 45, 35, 41, 43, 33, 33, 38, 24, 19, 30, 33, 35, 40, 30, 28, 26, 33, 45, 29, 33, 36, 44, 39, 44, 43, 46, 37, 19, 36, 41, 37, 42, 30, 26, 45, 48, 35, 29, 41, 30, 43, 33, 42, 30, 43, 23, 46, 37, 27, 40, 38, 37, 44, 37, 33, 49, 43, 42, 35, 32, 22, 51, 40, 29, 35, 41, 41, 31, 50, 28, 46, 42, 40, 38, 44]
Average White Move: 36.04
[31, 48, 27, 40, 46, 41, 22, 46, 31, 25, 51, 30, 40, 46, 41, 16, 43, 42, 34, 28, 39, 18, 22, 44, 27, 45, 35, 41, 42, 33, 33, 37, 24, 19, 29, 32, 34, 39, 30, 28, 25, 32, 45, 29, 33, 36, 43, 39, 43, 43, 45, 37, 19, 35, 40, 37, 42, 29, 26, 45, 47, 35, 28, 41, 30, 43, 33, 41, 30, 43, 23, 46, 37, 27, 40, 38, 37, 44, 37, 32, 49, 43, 41, 35, 31, 21, 50, 40, 28, 35, 40, 41, 30, 50, 28, 45, 41, 40, 38, 44]
Average White Piece Captured By Black: 10.35
[8, 11, 7, 12, 12, 11, 3, 14, 12, 3, 14, 5, 16, 10, 13, 5, 16, 16, 11, 7, 9, 2, 9, 14, 5, 10, 11, 10, 16, 7, 9, 16, 4, 4, 10, 10, 14, 12, 7, 5, 10, 12, 11, 8, 8, 10, 16, 11, 14, 10, 16, 10, 3, 16, 16, 9, 11, 11, 5, 8, 15, 9, 11, 10, 8, 11, 7, 16, 9, 10, 5, 11, 9, 7, 11, 13, 9, 12, 11, 12, 14, 12, 14, 10, 11, 8, 13, 9, 9, 5, 16, 10, 8, 11, 9, 16, 16, 10, 11, 12]
Average Black Piece Captured By White: 11.10
[11, 16, 8, 11, 14, 14, 10, 13, 8, 11, 12, 13, 7, 16, 11, 5, 10, 11, 10, 10, 16, 9, 6, 9, 12, 16, 10, 14, 11, 13, 12, 7, 10, 8, 8, 9, 8, 13, 12, 10, 6, 7, 16, 9, 12, 13, 9, 15, 10, 16, 12, 13, 8, 5, 9, 12, 13, 6, 11, 15, 13, 11, 7, 16, 11, 14, 11, 7, 10, 15, 8, 16, 11, 10, 12, 9, 13, 13, 11, 9, 13, 14, 7, 11, 8, 4, 15, 16, 9, 14, 9, 16, 11, 15, 10, 11, 8, 13, 13, 15]
Average Expanded Black Nodes: 400235.81
[388697, 458650, 381493, 437243, 432861, 361679, 271365, 421231, 503467, 267520, 408516, 355708, 413454, 407675, 479323, 247654, 418155, 365305, 468266, 355047, 358709, 276784, 353461, 492147, 342041, 392562, 384113, 446512, 441902, 416903, 409192, 398864, 315102, 280066, 442344, 405548, 396552, 353358, 376441, 384029, 403872, 414235, 445648, 427955, 356374, 479291, 600896, 399157, 427437, 408063, 460520, 416017, 261156, 391618, 424778, 435905, 419665, 393535, 401117, 426435, 379821, 392195, 329872, 444572, 403618, 404097, 414148, 515008, 376173, 352072, 314899, 358514, 436291, 377602, 392687, 452853, 321559, 456536, 471436, 342210, 439087, 427291, 438091, 461295, 384261, 372806, 543207, 323809, 381539, 404352, 335370, 354176, 360127, 524937, 496650, 415236, 395492, 351811, 379652, 394616]
Average Expanded White Nodes: 624728.41
[568472, 744157, 581709, 768634, 721432, 700422, 389705, 649591, 840039, 424032, 652698, 550684, 627873, 676018, 677911, 432281, 561845, 523551, 776805, 577519, 553338, 382278, 529677, 720536, 524781, 579005, 638521, 696812, 715384, 614771, 624793, 608113, 486582, 366177, 654011, 664839, 628479, 545326, 533382, 581963, 653156, 631804, 726056, 674186, 514199, 812149, 852261, 598661, 722906, 717523, 680412, 688937, 333799, 681778, 708614, 712546, 662240, 695311, 541871, 627387, 651751, 601566, 535708, 651127, 583721, 685860, 620803, 810019, 609357, 555962, 504266, 600044, 679158, 573836, 569649, 713389, 522718, 744994, 684985, 528736, 686700, 665328, 602743, 725048, 632500, 546820, 829088, 501127, 626957, 594426, 483318, 558096, 623006, 846358, 730932, 747590, 607144, 551716, 519551, 636802]
Black Avg Expanded Node
[12538.61, 9555.21, 14129.37, 10931.08, 9209.81, 8821.44, 12334.77, 9157.20, 15733.34, 10700.80, 7856.08, 11856.93, 10084.24, 8862.50, 11690.80, 15478.38, 9503.52, 8495.47, 13772.53, 12680.25, 9197.67, 15376.89, 15367.87, 11185.16, 12668.19, 8723.60, 10974.66, 10890.54, 10276.79, 12633.42, 12399.76, 10496.42, 13129.25, 14740.32, 14744.80, 12289.33, 11330.06, 8833.95, 12548.03, 13715.32, 15533.54, 12552.58, 9903.29, 14757.07, 10799.21, 13313.64, 13656.73, 10234.79, 9714.48, 9489.84, 10011.30, 11243.70, 13745.05, 10878.28, 10360.44, 11781.22, 9992.02, 13117.83, 15427.58, 9476.33, 7912.94, 11205.57, 11374.90, 10843.22, 13453.93, 9397.60, 12549.94, 12262.10, 12539.10, 8187.72, 13691.26, 7793.78, 11791.65, 13985.26, 9817.18, 11917.18, 8690.78, 10375.82, 12741.51, 10370.00, 8960.96, 9937.00, 10430.74, 13179.86, 12008.16, 16945.73, 10651.12, 8095.23, 13156.52, 11552.91, 8179.76, 8638.44, 11617.00, 10498.74, 17737.50, 9026.87, 9416.48, 8795.28, 9990.84, 8968.55]
White Avg Expanded Node
[18337.81, 15503.27, 21544.78, 19215.85, 15683.30, 17083.46, 17713.86, 14121.54, 27098.03, 16961.28, 12798.00, 18356.13, 15696.83, 14696.04, 16534.41, 27017.56, 13066.16, 12465.50, 22847.21, 20625.68, 14188.15, 21237.67, 24076.23, 16375.82, 19436.33, 12866.78, 18243.46, 16995.41, 17032.95, 18629.42, 18933.12, 16435.49, 20274.25, 19272.47, 22552.10, 20776.22, 18484.68, 13982.72, 17779.40, 20784.39, 26126.24, 19743.88, 16134.58, 23247.79, 15581.79, 22559.69, 19820.02, 15350.28, 16811.77, 16686.58, 15120.27, 18619.92, 17568.37, 19479.37, 17715.35, 19258.00, 15767.62, 23976.24, 20841.19, 13941.93, 13867.04, 17187.60, 19132.43, 15881.15, 19457.37, 15950.23, 18812.21, 19756.56, 20311.90, 12929.35, 21924.61, 13044.43, 18355.62, 21253.19, 14241.23, 18773.39, 14127.51, 16931.68, 18513.11, 16523.00, 14014.29, 15472.74, 14701.05, 20715.66, 20403.23, 26039.05, 16581.76, 12528.18, 22391.32, 16983.60, 12082.95, 13612.10, 20766.87, 16927.16, 26104.71, 16613.11, 14808.39, 13792.90, 13672.39, 14472.77]
Black Avg Time to Make a Move (ms)
[57.65, 40.50, 72.56, 57.33, 48.50, 52.76, 55.05, 41.41, 66.58, 54.04, 30.55, 46.60, 47.95, 53.76, 40.15, 124.25, 43.72, 37.21, 55.74, 59.25, 36.13, 60.67, 56.77, 37.00, 64.44, 34.71, 62.23, 47.15, 44.50, 52.09, 47.94, 61.22, 65.67, 61.53, 52.83, 66.34, 68.53, 48.28, 59.20, 58.96, 74.72, 56.03, 44.27, 71.34, 48.18, 60.25, 40.79, 38.85, 41.58, 47.07, 45.60, 43.65, 62.26, 65.91, 54.28, 49.14, 51.79, 75.86, 55.54, 40.33, 41.81, 46.23, 69.68, 38.49, 63.17, 37.40, 49.73, 48.71, 61.47, 33.79, 77.96, 34.96, 47.38, 64.48, 38.50, 52.29, 35.08, 45.43, 52.22, 50.84, 39.22, 46.84, 40.66, 55.17, 60.97, 79.10, 38.86, 37.73, 66.21, 42.20, 47.98, 37.15, 58.53, 45.06, 61.21, 51.78, 45.85, 39.28, 39.13, 46.43]
White Avg Time to Make a Move (ms)
[26.19, 17.52, 32.48, 22.53, 20.30, 17.88, 26.45, 17.89, 27.78, 22.32, 14.83, 23.23, 20.90, 22.46, 21.63, 41.19, 20.95, 17.28, 26.21, 26.11, 18.69, 31.22, 28.00, 20.45, 27.22, 16.80, 24.34, 21.37, 20.56, 23.94, 25.15, 22.63, 28.79, 33.58, 26.90, 25.55, 24.69, 21.85, 29.10, 26.54, 29.54, 25.09, 18.96, 30.72, 23.15, 26.56, 22.70, 19.18, 19.48, 18.23, 19.74, 21.35, 31.58, 24.00, 21.90, 24.41, 23.17, 29.80, 30.92, 17.56, 16.27, 21.20, 25.52, 19.32, 27.70, 18.14, 24.21, 22.55, 27.00, 16.98, 30.30, 15.67, 22.08, 28.41, 19.65, 22.58, 17.11, 19.43, 25.51, 21.61, 18.08, 19.60, 21.69, 24.66, 24.81, 35.91, 19.29, 18.20, 27.41, 19.97, 20.02, 16.32, 24.87, 19.82, 29.75, 18.22, 19.81, 18.80, 21.66, 19.11]
=================================================

MATCHUP 2
=====================RESULT======================
Black won 54 matchups (54.00%)
White won 46 matchups (46.00%)

Average Black Move: 30.42
[32, 41, 44, 38, 32, 33, 35, 23, 38, 24, 38, 29, 29, 35, 25, 45, 17, 23, 38, 27, 20, 30, 33, 30, 36, 27, 27, 37, 25, 22, 42, 32, 37, 28, 25, 13, 41, 20, 22, 42, 31, 29, 38, 42, 28, 33, 29, 33, 32, 34, 23, 32, 38, 28, 17, 33, 49, 42, 36, 47, 22, 35, 13, 44, 24, 14, 33, 29, 21, 22, 32, 23, 26, 39, 35, 29, 23, 24, 21, 20, 24, 32, 31, 47, 39, 21, 17, 48, 26, 18, 21, 20, 43, 28, 36, 24, 37, 19, 37, 36]
Average White Move: 29.88
[32, 41, 44, 38, 32, 32, 35, 22, 38, 24, 38, 28, 28, 35, 25, 45, 16, 22, 38, 26, 19, 29, 33, 30, 36, 26, 26, 37, 24, 21, 42, 31, 37, 28, 24, 12, 41, 19, 21, 42, 30, 28, 38, 42, 28, 32, 28, 33, 31, 34, 22, 31, 38, 27, 16, 33, 48, 41, 36, 46, 21, 35, 12, 44, 23, 13, 32, 28, 20, 21, 32, 23, 25, 39, 35, 28, 22, 23, 20, 20, 23, 32, 31, 47, 39, 20, 16, 48, 26, 17, 20, 19, 43, 27, 36, 23, 36, 18, 37, 35]
Average White Piece Captured By Black: 1.10
[2, 0, 3, 1, 0, 4, 3, 1, 2, 2, 1, 0, 0, 1, 0, 2, 1, 1, 0, 0, 1, 1, 0, 1, 2, 1, 1, 1, 0, 0, 1, 0, 2, 0, 0, 1, 3, 0, 0, 4, 1, 1, 2, 1, 0, 1, 3, 2, 2, 0, 1, 2, 1, 1, 0, 1, 1, 3, 2, 1, 0, 1, 1, 1, 1, 0, 1, 2, 0, 1, 1, 2, 1, 2, 1, 0, 1, 0, 0, 0, 1, 1, 0, 1, 2, 0, 0, 3, 0, 1, 2, 0, 1, 2, 2, 1, 4, 0, 1, 3]
Average Black Piece Captured By White: 7.09
[8, 13, 11, 8, 8, 5, 8, 5, 10, 5, 11, 7, 6, 8, 4, 16, 2, 3, 8, 5, 4, 6, 8, 9, 9, 5, 7, 8, 6, 5, 12, 7, 8, 9, 6, 1, 10, 3, 5, 11, 7, 7, 9, 8, 10, 6, 6, 9, 7, 10, 4, 5, 11, 5, 2, 9, 15, 12, 11, 11, 5, 11, 0, 10, 6, 2, 5, 7, 4, 3, 8, 3, 5, 9, 10, 8, 5, 5, 5, 5, 5, 8, 8, 12, 11, 5, 3, 16, 6, 1, 3, 4, 11, 5, 10, 3, 7, 4, 9, 8]
Average Expanded Black Nodes: 591384.33
[693297, 631423, 812240, 595794, 686267, 825290, 760449, 570955, 918740, 664174, 564990, 613964, 633669, 581189, 461247, 642212, 432411, 431561, 705007, 607332, 431961, 680211, 771627, 725762, 561600, 434484, 429922, 561719, 421089, 489825, 532825, 384180, 659135, 402565, 440933, 432842, 820385, 603390, 540291, 697110, 653573, 506213, 694310, 643234, 460862, 581725, 608925, 530699, 820143, 570327, 528566, 816290, 783829, 779771, 391188, 494099, 663484, 628700, 560390, 634248, 426435, 650988, 326265, 696043, 516117, 302696, 669124, 500341, 727310, 569043, 581879, 500330, 590016, 819375, 620234, 562130, 480962, 567458, 407639, 445724, 458021, 668651, 634503, 679323, 643653, 392376, 421253, 668989, 472329, 467357, 385705, 536399, 649334, 731701, 640018, 585395, 1032931, 546252, 699020, 660471]
Average Expanded White Nodes: 2468078.68
[2290768, 3215119, 3920189, 2773893, 2733836, 3348672, 4299121, 2345850, 2831525, 2670172, 2719255, 3215528, 2764644, 4098944, 1811454, 3250169, 1988122, 1769006, 4004440, 2302330, 1993740, 3192096, 3240331, 2389306, 2340422, 2037840, 2651027, 2955622, 1185313, 2648874, 2584365, 2270335, 3036699, 1249993, 1383967, 1480253, 3390697, 1187447, 1630438, 2459209, 3198346, 2314981, 2625923, 4768763, 1854829, 3295855, 2095340, 1997376, 2337106, 1934710, 1977124, 4048448, 2791869, 3316906, 1835692, 2374542, 1931609, 1981068, 1946277, 2622674, 2293925, 3078062, 1015798, 2524462, 1931315, 1358662, 2447914, 2400169, 2230658, 3001288, 3131295, 1545721, 2129231, 4145295, 2837015, 2216044, 1840545, 2374735, 2011273, 1814661, 1825540, 1908631, 3378666, 3094868, 2509563, 1291360, 1602113, 3229050, 1666341, 2107204, 921625, 1469712, 2668549, 2459367, 1528413, 2783885, 3401210, 1939514, 3009455, 2774285]
Black Avg Expanded Node
[21665.53, 15400.56, 18460.00, 15678.79, 21445.84, 25008.79, 21727.11, 24824.13, 24177.37, 27673.92, 14868.16, 21171.17, 21850.66, 16605.40, 18449.88, 14271.38, 25435.94, 18763.52, 18552.82, 22493.78, 21598.05, 22673.70, 23382.64, 24192.07, 15600.00, 16092.00, 15923.04, 15181.59, 16843.56, 22264.77, 12686.31, 12005.63, 17814.46, 14377.32, 17637.32, 33295.54, 20009.39, 30169.50, 24558.68, 16597.86, 21083.00, 17455.62, 18271.32, 15315.10, 16459.36, 17628.03, 20997.41, 16081.79, 25629.47, 16774.32, 22981.13, 25509.06, 20627.08, 27848.96, 23011.06, 14972.70, 13540.49, 14969.05, 15566.39, 13494.64, 19383.41, 18599.66, 25097.31, 15819.16, 21504.88, 21621.14, 20276.48, 17253.14, 34633.81, 25865.59, 18183.72, 21753.48, 22692.92, 21009.62, 17720.97, 19383.79, 20911.39, 23644.08, 19411.38, 22286.20, 19084.21, 20895.34, 20467.84, 14453.68, 16503.92, 18684.57, 24779.59, 13937.27, 18166.50, 25964.28, 18366.90, 26819.95, 15100.79, 26132.18, 17778.28, 24391.46, 27917.05, 28750.11, 18892.43, 18346.42]
White Avg Expanded Node
[71586.50, 78417.54, 89095.20, 72997.18, 85432.38, 104646.00, 122832.03, 106629.55, 74513.82, 111257.17, 71559.34, 114840.29, 98737.29, 117112.69, 72458.16, 72225.98, 124257.63, 80409.36, 105380.00, 88551.15, 104933.68, 110072.28, 98191.85, 79643.53, 65011.72, 78378.46, 101962.58, 79881.68, 49388.04, 126136.86, 61532.50, 73236.61, 82072.95, 44642.61, 57665.29, 123354.42, 82699.93, 62497.21, 77639.90, 58552.60, 106611.53, 82677.89, 69103.24, 113541.98, 66243.89, 102995.47, 74833.57, 60526.55, 75390.52, 56903.24, 89869.27, 130595.10, 73470.24, 122848.37, 114730.75, 71955.82, 40241.85, 48318.73, 54063.25, 57014.65, 109234.52, 87944.63, 84649.83, 57374.14, 83970.22, 104512.46, 76497.31, 85720.32, 111532.90, 142918.48, 97852.97, 67205.26, 85169.24, 106289.62, 81057.57, 79144.43, 83661.14, 103249.35, 100563.65, 90733.05, 79371.30, 59644.72, 108989.23, 65848.26, 64347.77, 64568.00, 100132.06, 67271.88, 64090.04, 123953.18, 46081.25, 77353.26, 62059.28, 91087.67, 42455.92, 121038.48, 94478.06, 107750.78, 81336.62, 79265.29]
Black Avg Time to Make a Move (ms)
[176.63, 180.78, 170.43, 152.55, 177.44, 251.72, 239.69, 275.27, 185.66, 288.75, 161.53, 245.04, 243.11, 267.89, 179.00, 143.98, 275.06, 232.14, 215.13, 231.15, 285.95, 238.76, 193.82, 207.83, 157.61, 185.96, 243.19, 180.95, 129.38, 236.86, 140.95, 169.23, 172.57, 116.25, 143.21, 307.00, 202.90, 168.11, 203.71, 136.88, 241.37, 192.36, 181.82, 225.76, 167.86, 243.91, 194.39, 155.33, 198.42, 158.59, 225.23, 271.61, 164.76, 262.00, 286.06, 160.24, 87.98, 122.76, 133.42, 129.24, 234.86, 212.20, 224.33, 129.32, 218.22, 284.23, 221.00, 201.04, 295.40, 394.90, 212.84, 184.04, 184.68, 215.15, 182.09, 186.11, 196.59, 239.83, 238.20, 229.25, 203.96, 148.66, 218.00, 150.30, 157.33, 179.45, 287.69, 165.67, 231.62, 297.65, 159.95, 227.11, 170.26, 222.70, 91.00, 281.00, 234.22, 263.06, 172.81, 190.69]
White Avg Time to Make a Move (ms)
[52.00, 37.00, 39.32, 34.92, 49.72, 54.18, 47.94, 58.70, 51.37, 58.88, 34.87, 46.97, 51.59, 38.29, 44.80, 31.51, 61.59, 44.00, 44.03, 55.63, 53.45, 48.37, 51.67, 50.67, 35.17, 37.48, 35.15, 34.19, 40.32, 51.27, 28.69, 28.19, 38.16, 34.57, 40.24, 77.38, 46.12, 74.75, 58.68, 36.62, 46.42, 41.00, 42.82, 34.67, 38.43, 42.27, 46.76, 39.91, 60.75, 39.68, 58.26, 60.41, 45.13, 61.39, 52.41, 35.55, 34.84, 32.36, 35.17, 33.47, 45.59, 43.74, 63.92, 38.16, 45.71, 56.57, 49.42, 40.17, 84.10, 63.41, 41.69, 56.83, 51.31, 47.15, 40.57, 44.55, 50.74, 55.71, 45.00, 50.55, 46.88, 50.06, 45.35, 37.06, 38.33, 47.86, 62.00, 37.58, 58.04, 69.56, 56.24, 67.65, 38.77, 62.71, 47.11, 57.96, 62.30, 65.16, 44.00, 41.33]
=================================================

MATCHUP 3
=====================RESULT======================
Black won 99 matchups (99.00%)
White won 1 matchups (1.00%)

Average Black Move: 23.65
[22, 35, 27, 31, 23, 30, 28, 33, 28, 16, 16, 25, 21, 18, 25, 26, 21, 19, 27, 25, 33, 18, 28, 34, 21, 27, 21, 18, 26, 31, 25, 23, 29, 19, 30, 30, 30, 17, 21, 23, 24, 21, 27, 24, 22, 13, 13, 19, 30, 17, 27, 32, 21, 22, 22, 18, 28, 19, 28, 23, 27, 24, 14, 26, 23, 24, 29, 22, 19, 17, 26, 30, 28, 25, 28, 21, 26, 32, 35, 20, 21, 22, 20, 25, 14, 23, 13, 28, 28, 18, 21, 18, 21, 22, 30, 15, 20, 28, 17, 15]
Average White Move: 22.66
[21, 34, 26, 30, 22, 29, 27, 32, 27, 15, 15, 24, 20, 17, 24, 25, 20, 18, 26, 24, 32, 17, 27, 33, 20, 26, 20, 17, 25, 30, 24, 22, 28, 18, 29, 29, 29, 16, 20, 22, 23, 20, 26, 23, 21, 12, 12, 18, 30, 16, 26, 31, 20, 21, 21, 17, 27, 18, 27, 22, 26, 23, 13, 25, 22, 23, 28, 21, 18, 16, 25, 29, 27, 24, 27, 20, 25, 31, 34, 19, 20, 21, 19, 24, 13, 22, 12, 27, 27, 17, 20, 17, 20, 21, 29, 14, 19, 27, 16, 14]
Average White Piece Captured By Black: 9.98
[10, 11, 12, 12, 10, 14, 12, 13, 12, 6, 6, 10, 10, 8, 10, 11, 10, 9, 12, 11, 14, 8, 10, 14, 10, 13, 10, 8, 12, 11, 11, 9, 14, 8, 12, 13, 13, 6, 10, 10, 11, 9, 12, 11, 10, 5, 5, 7, 12, 8, 11, 14, 10, 10, 9, 7, 12, 8, 12, 11, 13, 11, 5, 11, 9, 11, 14, 10, 7, 7, 12, 11, 11, 10, 11, 9, 12, 13, 13, 9, 9, 10, 8, 9, 5, 9, 5, 11, 11, 7, 8, 6, 9, 10, 13, 7, 9, 12, 6, 6]
Average Black Piece Captured By White: 4.10
[4, 8, 4, 6, 4, 4, 6, 6, 5, 2, 2, 5, 3, 2, 4, 5, 3, 3, 5, 4, 6, 3, 6, 7, 3, 5, 3, 3, 5, 7, 5, 4, 5, 3, 6, 5, 5, 2, 3, 4, 5, 4, 6, 4, 4, 2, 1, 3, 6, 2, 5, 7, 4, 4, 3, 2, 5, 2, 3, 3, 4, 4, 1, 5, 4, 4, 5, 4, 3, 2, 5, 7, 6, 4, 5, 4, 5, 7, 8, 3, 3, 4, 4, 5, 2, 4, 1, 5, 6, 2, 3, 3, 3, 4, 6, 2, 3, 5, 3, 2]
Average Expanded Black Nodes: 1158167.97
[932893, 1478152, 1194596, 1157263, 1115447, 1200233, 1405035, 1284194, 1232113, 1168996, 1235038, 1225609, 1005326, 805028, 1173939, 1338113, 1022406, 977853, 786300, 1005419, 1343498, 958647, 959107, 1608016, 1116251, 1244609, 944164, 1030102, 1199326, 1305062, 1350859, 1098536, 1589832, 1153212, 1574082, 1174774, 1294890, 1356366, 1323984, 1043881, 1006990, 854159, 1303009, 1304791, 1207536, 473996, 1085410, 1447752, 1471314, 857564, 1192907, 1187917, 925185, 1093481, 1219034, 885749, 1270369, 702978, 1332569, 898784, 1133344, 1240057, 812118, 1411797, 1375993, 1312657, 1248191, 1001569, 1284544, 902928, 1313553, 1284520, 1159630, 1234419, 1282615, 1183554, 936153, 1095134, 1258071, 1222004, 882892, 1354756, 1253564, 1197032, 1034231, 1013234, 866767, 1701725, 1269806, 1175335, 1051733, 980841, 1223665, 1029158, 1781849, 965647, 913069, 1165237, 1094096, 1034664]
Average Expanded White Nodes: 607735.85
[576278, 783250, 656366, 644926, 551860, 655617, 691695, 731961, 686212, 471849, 469160, 631172, 525027, 547012, 665723, 679054, 508300, 474357, 437585, 619536, 665195, 555831, 706075, 755890, 561808, 621407, 477149, 438006, 575396, 781841, 714791, 537328, 767200, 587893, 799908, 643715, 699500, 607125, 573395, 544498, 497517, 545663, 697114, 599320, 581941, 266471, 497374, 607452, 799362, 472350, 666348, 678465, 489280, 516882, 649945, 553308, 677084, 472999, 811084, 544742, 541876, 719405, 493203, 675452, 576070, 573328, 714744, 583195, 619323, 512145, 680599, 620368, 614842, 698533, 615112, 577513, 643440, 670871, 779588, 570118, 636426, 783926, 672219, 672603, 447867, 596472, 420986, 910163, 662006, 610257, 511087, 520639, 589059, 510130, 899698, 456552, 454915, 673854, 512452, 506957]
Black Avg Expanded Node
[42404.23, 42232.91, 44244.30, 37331.06, 48497.70, 40007.77, 50179.82, 38914.97, 44004.04, 73062.25, 77189.88, 49024.36, 47872.67, 44723.78, 46957.56, 51465.88, 48686.00, 51465.95, 29122.22, 40216.76, 40712.06, 53258.17, 34253.82, 47294.59, 53154.81, 46096.63, 44960.19, 57227.89, 46127.92, 42098.77, 54034.36, 47762.43, 54821.79, 60695.37, 52469.40, 39159.13, 43163.00, 79786.24, 63046.86, 45386.13, 41957.92, 40674.24, 48259.59, 54366.29, 54888.00, 36461.23, 83493.08, 76197.47, 49043.80, 50444.94, 44181.74, 37122.41, 44056.43, 49703.68, 55410.64, 49208.28, 45370.32, 36998.84, 47591.75, 39077.57, 41975.70, 51669.04, 58008.43, 54299.88, 59825.78, 54694.04, 43041.07, 45525.86, 67607.58, 53113.41, 50521.27, 42817.33, 41415.36, 49376.76, 45807.68, 56359.71, 36005.88, 34222.94, 35944.89, 61100.20, 42042.48, 61579.82, 62678.20, 47881.28, 73873.64, 44053.65, 66674.38, 60775.89, 45350.21, 65296.39, 50082.52, 54491.17, 58269.76, 46779.91, 59394.97, 64376.47, 45653.45, 41615.61, 64358.59, 68977.60]
White Avg Expanded Node
[27441.81, 23036.76, 25244.85, 21497.53, 25084.55, 22607.48, 25618.33, 22873.78, 25415.26, 31456.60, 31277.33, 26298.83, 26251.35, 32177.18, 27738.46, 27162.16, 25415.00, 26353.17, 16830.19, 25814.00, 20787.34, 32695.94, 26150.93, 22905.76, 28090.40, 23900.27, 23857.45, 25765.06, 23015.84, 26061.37, 29782.96, 24424.00, 27400.00, 32660.72, 27583.03, 22197.07, 24120.69, 37945.31, 28669.75, 24749.91, 21631.17, 27283.15, 26812.08, 26057.39, 27711.48, 22205.92, 41447.83, 33747.33, 26645.40, 29521.88, 25628.77, 21885.97, 24464.00, 24613.43, 30949.76, 32547.53, 25077.19, 26277.72, 30040.15, 24761.00, 20841.38, 31278.48, 37938.69, 27018.08, 26185.00, 24927.30, 25526.57, 27771.19, 34406.83, 32009.06, 27223.96, 21392.00, 22771.93, 29105.54, 22781.93, 28875.65, 25737.60, 21641.00, 22929.06, 30006.21, 31821.30, 37329.81, 35379.95, 28025.13, 34451.31, 27112.36, 35082.17, 33709.74, 24518.74, 35897.47, 25554.35, 30625.82, 29452.95, 24291.90, 31024.07, 32610.86, 23942.89, 24957.56, 32028.25, 36211.21]
Black Avg Time to Make a Move (ms)
[87.90, 47.85, 68.15, 61.30, 82.23, 80.69, 62.41, 55.13, 63.96, 111.13, 125.13, 74.83, 74.40, 98.65, 75.54, 75.56, 80.35, 93.33, 48.73, 66.75, 60.13, 91.24, 60.74, 61.91, 74.80, 66.04, 74.15, 88.88, 70.80, 65.60, 75.46, 70.95, 91.11, 96.50, 66.07, 64.31, 60.72, 102.94, 118.85, 77.14, 72.09, 71.60, 70.69, 79.65, 80.57, 80.42, 149.83, 86.67, 74.50, 92.94, 68.69, 60.23, 70.90, 72.33, 94.76, 97.18, 62.56, 79.61, 80.07, 80.50, 66.54, 80.78, 115.38, 78.60, 78.59, 79.61, 69.64, 83.00, 106.61, 87.44, 66.36, 48.59, 61.19, 86.75, 60.63, 78.75, 75.24, 54.39, 60.59, 99.58, 80.90, 85.81, 95.63, 65.42, 134.15, 84.18, 107.92, 75.44, 55.19, 101.88, 75.05, 89.41, 79.15, 70.52, 71.31, 106.43, 79.47, 70.44, 104.75, 92.71]
White Avg Time to Make a Move (ms)
[93.77, 85.26, 87.63, 74.32, 110.22, 89.80, 109.86, 75.48, 82.89, 165.69, 179.75, 97.12, 100.43, 98.39, 97.00, 100.46, 100.95, 115.37, 57.70, 85.80, 87.39, 124.22, 66.04, 94.71, 113.71, 86.11, 96.76, 119.89, 95.38, 75.26, 102.96, 95.83, 127.48, 128.00, 95.10, 73.57, 89.27, 176.18, 132.19, 88.22, 85.25, 83.38, 99.41, 116.79, 124.73, 85.92, 187.46, 165.11, 99.97, 103.76, 85.89, 76.16, 90.76, 108.14, 111.45, 102.89, 86.75, 81.79, 103.39, 86.96, 90.37, 93.79, 124.43, 105.54, 117.26, 115.29, 79.97, 91.27, 143.26, 109.88, 98.08, 82.50, 83.93, 97.40, 96.79, 110.71, 66.35, 63.91, 77.94, 125.80, 81.38, 125.32, 125.45, 93.52, 167.79, 88.61, 154.46, 122.39, 84.46, 141.61, 102.19, 120.00, 108.14, 91.86, 99.50, 133.67, 93.85, 86.61, 135.12, 152.87]
=================================================

MATCHUP 4
=====================RESULT======================
Black won 99 matchups (99.00%)
White won 1 matchups (1.00%)

Average Black Move: 27.60
[21, 26, 24, 30, 32, 31, 32, 26, 23, 25, 18, 27, 24, 40, 27, 36, 29, 30, 28, 33, 28, 30, 24, 18, 25, 16, 34, 30, 27, 40, 30, 28, 34, 27, 19, 35, 37, 17, 38, 27, 26, 16, 25, 26, 49, 29, 15, 28, 24, 24, 26, 30, 25, 32, 22, 35, 30, 26, 28, 11, 31, 24, 26, 23, 31, 28, 26, 27, 21, 43, 28, 31, 29, 31, 18, 24, 27, 29, 24, 22, 30, 34, 30, 27, 33, 23, 33, 20, 33, 27, 28, 24, 29, 24, 39, 29, 35, 22, 17, 27]
Average White Move: 26.61
[20, 25, 23, 29, 31, 30, 31, 25, 22, 24, 17, 26, 23, 39, 26, 35, 28, 29, 27, 32, 27, 29, 23, 17, 24, 15, 33, 29, 26, 39, 29, 27, 33, 26, 18, 34, 36, 16, 37, 26, 25, 15, 24, 25, 48, 28, 14, 27, 23, 23, 25, 29, 24, 31, 21, 34, 29, 25, 27, 10, 30, 23, 25, 22, 30, 27, 25, 26, 20, 42, 27, 31, 28, 30, 17, 23, 26, 28, 23, 21, 29, 33, 29, 26, 32, 22, 32, 19, 32, 26, 27, 23, 28, 23, 38, 28, 34, 21, 16, 26]
Average White Piece Captured By Black: 10.15
[8, 13, 11, 13, 10, 11, 13, 12, 11, 7, 8, 10, 9, 11, 8, 15, 11, 13, 9, 11, 13, 11, 10, 9, 10, 5, 10, 11, 11, 11, 13, 13, 14, 11, 7, 10, 9, 6, 15, 10, 11, 8, 8, 11, 16, 11, 5, 11, 9, 9, 9, 12, 11, 12, 9, 13, 11, 11, 9, 4, 13, 7, 8, 7, 11, 12, 10, 10, 8, 12, 7, 9, 9, 9, 9, 9, 11, 12, 9, 7, 9, 15, 10, 11, 13, 10, 12, 8, 8, 11, 12, 10, 9, 11, 12, 7, 12, 6, 6, 11]
Average Black Piece Captured By White: 5.73
[3, 5, 4, 6, 7, 6, 7, 4, 4, 6, 3, 6, 4, 8, 7, 8, 6, 5, 7, 8, 5, 7, 5, 3, 4, 3, 8, 7, 5, 9, 5, 5, 6, 6, 4, 7, 8, 2, 8, 5, 5, 2, 6, 5, 9, 6, 2, 7, 4, 5, 6, 6, 5, 7, 4, 8, 6, 4, 7, 1, 7, 6, 6, 5, 7, 6, 6, 6, 4, 9, 6, 8, 7, 7, 3, 5, 5, 6, 6, 4, 7, 7, 7, 6, 7, 5, 7, 3, 9, 6, 6, 4, 7, 4, 9, 8, 8, 5, 3, 5]
Average Expanded Black Nodes: 545089.40
[412811, 535868, 547891, 507273, 799115, 824563, 624709, 619208, 501938, 432600, 580352, 511849, 465464, 606847, 642556, 532728, 578167, 667021, 558494, 497788, 514352, 568208, 610367, 397278, 549067, 417378, 574225, 540200, 665433, 671004, 655518, 585106, 531217, 535665, 530475, 529888, 720284, 498537, 579781, 690202, 461708, 328311, 696648, 648859, 610669, 597246, 337687, 542067, 558798, 498035, 629776, 680816, 574791, 472904, 492144, 603555, 564788, 608081, 470910, 344430, 592125, 587497, 419181, 445928, 630681, 467527, 497307, 493823, 516466, 483296, 531501, 570164, 620473, 454220, 365831, 535159, 546138, 585033, 415242, 504842, 492888, 490809, 535270, 585155, 503920, 443102, 599208, 496161, 402112, 566174, 564242, 467913, 678785, 584182, 600208, 541439, 538453, 589364, 423900, 609571]
Average Expanded White Nodes: 649396.08
[465197, 531196, 583509, 643704, 903105, 754505, 751275, 687504, 496195, 683939, 478080, 636641, 650350, 835711, 696722, 742135, 667822, 697264, 601628, 693219, 539262, 746982, 623413, 437840, 768926, 509586, 755070, 690074, 757807, 819381, 682442, 672788, 619694, 597719, 466313, 756930, 982072, 528869, 814229, 805570, 557027, 396743, 672161, 804500, 767444, 757556, 432856, 614910, 762717, 610980, 755021, 712178, 564147, 608707, 594736, 719527, 615791, 729750, 581232, 342694, 606378, 739263, 527465, 617378, 739978, 524660, 504208, 654244, 545819, 1040970, 686966, 789486, 834286, 679965, 372405, 633078, 538616, 682022, 489495, 653118, 641975, 551965, 648941, 638195, 685422, 506951, 749332, 521675, 757963, 627336, 657625, 573195, 798625, 632971, 723698, 595709, 662340, 596007, 406134, 728404]
Black Avg Expanded Node
[19657.67, 20610.31, 22828.79, 16909.10, 24972.34, 26598.81, 19522.16, 23815.69, 21823.39, 17304.00, 32241.78, 18957.37, 19394.33, 15171.18, 23798.37, 14798.00, 19936.79, 22234.03, 19946.21, 15084.48, 18369.71, 18940.27, 25431.96, 22071.00, 21962.68, 26086.13, 16888.97, 18006.67, 24645.67, 16775.10, 21850.60, 20896.64, 15624.03, 19839.44, 27919.74, 15139.66, 19467.14, 29325.71, 15257.39, 25563.04, 17758.00, 20519.44, 27865.92, 24956.12, 12462.63, 20594.69, 22512.47, 19359.54, 23283.25, 20751.46, 24222.15, 22693.87, 22991.64, 14778.25, 22370.18, 17244.43, 18826.27, 23387.73, 16818.21, 31311.82, 19100.81, 24479.04, 16122.35, 19388.17, 20344.55, 16697.39, 19127.19, 18289.74, 24593.62, 11239.44, 18982.18, 18392.39, 21395.62, 14652.26, 20323.94, 22298.29, 20227.33, 20173.55, 17301.75, 22947.36, 16429.60, 14435.56, 17842.33, 21672.41, 15270.30, 19265.30, 18157.82, 24808.05, 12185.21, 20969.41, 20151.50, 19496.38, 23406.38, 24340.92, 15389.95, 18670.31, 15384.37, 26789.27, 24935.29, 22576.70]
White Avg Expanded Node
[23259.85, 21247.84, 25369.96, 22196.69, 29132.42, 25150.17, 24234.68, 27500.16, 22554.32, 28497.46, 28122.35, 24486.19, 28276.09, 21428.49, 26797.00, 21203.86, 23850.79, 24043.59, 22282.52, 21663.09, 19972.67, 25758.00, 27104.91, 25755.29, 32038.58, 33972.40, 22880.91, 23795.66, 29146.42, 21009.77, 23532.48, 24918.07, 18778.61, 22989.19, 25906.28, 22262.65, 27279.78, 33054.31, 22006.19, 30983.46, 22281.08, 26449.53, 28006.71, 32180.00, 15988.42, 27055.57, 30918.29, 22774.44, 33161.61, 26564.35, 30200.84, 24557.86, 23506.13, 19635.71, 28320.76, 21162.56, 21234.17, 29190.00, 21527.11, 34269.40, 20212.60, 32141.87, 21098.60, 28062.64, 24665.93, 19431.85, 20168.32, 25163.23, 27290.95, 24785.00, 25443.19, 25467.29, 29795.93, 22665.50, 21906.18, 27525.13, 20716.00, 24357.93, 21282.39, 31100.86, 22137.07, 16726.21, 22377.28, 24545.96, 21419.44, 23043.23, 23416.63, 27456.58, 23686.34, 24128.31, 24356.48, 24921.52, 28522.32, 27520.48, 19044.68, 21275.32, 19480.59, 28381.29, 25383.38, 28015.54]
Black Avg Time to Make a Move (ms)
[88.85, 73.76, 73.83, 62.55, 80.45, 70.33, 65.94, 94.80, 72.23, 70.38, 112.29, 65.46, 66.26, 50.13, 59.85, 47.14, 88.07, 78.28, 66.04, 57.53, 58.67, 66.66, 70.61, 73.06, 81.04, 86.00, 51.21, 68.93, 77.77, 51.74, 67.66, 68.81, 51.73, 74.58, 93.28, 55.91, 91.19, 113.69, 49.68, 78.46, 64.56, 99.20, 74.92, 80.52, 34.67, 82.79, 135.21, 65.52, 99.70, 75.65, 66.92, 62.41, 71.92, 59.58, 85.62, 61.38, 61.79, 78.32, 63.00, 140.30, 50.30, 80.57, 54.04, 68.73, 57.57, 57.26, 59.40, 76.58, 85.60, 50.29, 74.30, 86.52, 64.00, 51.97, 95.06, 72.70, 62.54, 66.82, 62.09, 69.71, 59.93, 50.30, 50.72, 74.50, 54.78, 54.59, 58.66, 85.16, 61.53, 61.35, 69.41, 74.22, 70.93, 66.43, 54.50, 54.64, 46.82, 77.52, 87.06, 66.23]
White Avg Time to Make a Move (ms)
[52.67, 49.85, 47.75, 32.63, 46.56, 54.61, 35.56, 46.42, 42.57, 36.48, 67.28, 37.56, 38.88, 31.45, 47.07, 27.19, 38.34, 43.47, 43.79, 32.67, 36.36, 35.77, 49.17, 46.33, 40.72, 56.44, 32.32, 34.17, 47.04, 33.88, 42.30, 40.25, 31.59, 40.04, 58.37, 29.63, 45.14, 61.88, 29.79, 51.56, 34.85, 50.69, 55.08, 45.27, 23.65, 42.45, 53.20, 38.46, 43.83, 40.25, 49.27, 39.53, 45.48, 29.91, 47.27, 34.34, 38.47, 48.54, 33.75, 70.64, 37.61, 45.46, 33.08, 39.91, 39.39, 35.93, 38.46, 37.19, 48.95, 24.47, 43.00, 39.10, 46.03, 29.87, 46.56, 44.50, 39.56, 37.79, 33.04, 46.41, 31.33, 28.74, 34.37, 40.63, 29.39, 39.52, 34.85, 49.10, 26.30, 44.48, 38.96, 38.83, 43.90, 45.50, 30.33, 38.76, 28.97, 56.14, 52.53, 44.04]
=================================================

MATCHUP 5
=====================RESULT======================
Black won 84 matchups (84.00%)
White won 16 matchups (16.00%)

Average Black Move: 25.35
[17, 32, 22, 26, 15, 29, 28, 24, 33, 29, 25, 25, 28, 24, 29, 21, 27, 42, 23, 26, 19, 30, 15, 25, 29, 30, 27, 26, 29, 32, 27, 28, 23, 31, 14, 23, 33, 25, 17, 19, 39, 27, 24, 16, 25, 33, 28, 20, 38, 30, 27, 20, 20, 23, 27, 19, 17, 17, 30, 23, 34, 22, 34, 19, 25, 26, 25, 29, 24, 28, 23, 27, 22, 26, 16, 26, 20, 32, 30, 32, 22, 23, 16, 26, 21, 29, 23, 21, 19, 21, 31, 21, 29, 31, 28, 27, 21, 22, 29, 25]
Average White Move: 24.51
[16, 31, 21, 25, 14, 29, 27, 23, 33, 28, 24, 24, 27, 23, 29, 20, 26, 42, 22, 25, 18, 29, 14, 24, 28, 29, 27, 25, 29, 31, 26, 27, 22, 30, 13, 22, 32, 24, 16, 18, 39, 26, 23, 15, 24, 33, 27, 19, 37, 29, 26, 19, 19, 22, 26, 19, 16, 16, 29, 22, 33, 21, 33, 18, 24, 25, 24, 28, 23, 28, 23, 26, 21, 26, 15, 25, 19, 31, 30, 31, 21, 22, 15, 25, 20, 28, 22, 20, 19, 20, 30, 20, 28, 31, 27, 26, 20, 21, 29, 24]
Average White Piece Captured By Black: 2.02
[0, 2, 1, 2, 0, 1, 2, 2, 4, 3, 1, 1, 5, 1, 3, 1, 2, 4, 0, 3, 1, 2, 1, 1, 2, 3, 2, 4, 2, 2, 2, 4, 1, 4, 0, 2, 4, 1, 1, 1, 4, 3, 0, 1, 4, 2, 3, 1, 7, 2, 2, 2, 2, 2, 2, 2, 1, 3, 1, 2, 6, 2, 3, 0, 3, 2, 2, 2, 0, 2, 0, 4, 1, 2, 1, 2, 3, 5, 2, 1, 2, 1, 1, 2, 0, 3, 4, 1, 0, 0, 6, 1, 4, 1, 0, 3, 2, 1, 2, 1]
Average Black Piece Captured By White: 1.60
[0, 5, 0, 1, 0, 0, 1, 2, 2, 1, 1, 0, 2, 0, 1, 1, 1, 6, 0, 1, 0, 3, 1, 1, 1, 1, 1, 2, 1, 2, 1, 2, 0, 3, 0, 2, 3, 1, 0, 0, 10, 1, 0, 1, 2, 7, 2, 1, 4, 5, 2, 1, 1, 1, 2, 2, 0, 1, 0, 1, 3, 1, 4, 0, 2, 0, 2, 1, 0, 2, 1, 2, 1, 1, 1, 2, 2, 2, 4, 0, 2, 1, 0, 1, 0, 3, 1, 0, 1, 0, 4, 1, 1, 9, 0, 1, 1, 0, 8, 1]
Average Expanded Black Nodes: 1581156.39
[1494549, 1965253, 2396671, 1778890, 1174303, 1626598, 1824930, 1368310, 1761850, 1689631, 1601482, 2541253, 1607686, 2247509, 1331553, 2035814, 1388049, 2373235, 1618123, 1521329, 1214109, 1693256, 921779, 1370674, 1719817, 1503449, 1058646, 1430126, 1565977, 1990964, 1974448, 1729783, 1875089, 1293627, 1227792, 1373659, 1909103, 1510948, 1347881, 967623, 1670570, 1809859, 1490735, 1020739, 1734329, 1758853, 1667273, 1884930, 1457763, 1349621, 1479744, 1534895, 1280372, 1676202, 1658507, 1073595, 1640425, 792860, 2656035, 1424999, 1700413, 1153007, 2033050, 1662509, 1428111, 1300232, 1905360, 1830328, 1945330, 1330915, 1251977, 1220416, 1491912, 1553349, 1178174, 1684053, 1301271, 1427231, 2024358, 1999748, 1634794, 1638530, 1232033, 1608548, 1247571, 1935807, 879104, 1940802, 1107481, 1553677, 1807311, 1432562, 1828671, 1786299, 1418105, 1771393, 1233112, 1609885, 1254719, 1685417]
Average Expanded White Nodes: 2827727.77
[1986106, 3398741, 3094676, 2250695, 1545700, 3314987, 2904543, 3297595, 2930627, 2924109, 2633436, 2918970, 4264397, 2242572, 3579861, 2303587, 2202882, 3659614, 1874809, 2487469, 1971536, 3765050, 1413910, 3488159, 2527525, 2858871, 2233871, 2868964, 2438375, 3451151, 2831004, 3852586, 2754893, 2609369, 1554949, 3053436, 4368090, 2745299, 2013432, 1999530, 3408799, 3494676, 2728303, 2381189, 2684915, 3597861, 3951857, 2706097, 3576444, 3018002, 2810290, 2451134, 2693742, 2796175, 2647465, 1663855, 1739855, 2684904, 2890307, 2158787, 3540780, 2655436, 4656321, 1986692, 2914611, 2974259, 3889672, 2916886, 2837913, 3094198, 2750797, 2965050, 2377826, 1887107, 1692542, 3283102, 2091256, 3625915, 4051471, 2779771, 3535499, 2689054, 1875767, 2695879, 1940146, 3567864, 3235701, 2702704, 2229967, 2381149, 3459487, 2813573, 3849276, 3000165, 3015253, 2764643, 2811593, 2905550, 1981077, 3646792]
Black Avg Expanded Node
[87914.65, 61414.16, 108939.59, 68418.85, 78286.87, 56089.59, 65176.07, 57012.92, 53389.39, 58263.14, 64059.28, 101650.12, 57417.36, 93646.21, 45915.62, 96943.52, 51409.22, 56505.60, 70353.17, 58512.65, 63900.47, 56441.87, 61451.93, 54826.96, 59304.03, 50114.97, 39209.11, 55004.85, 53999.21, 62217.63, 73127.70, 61777.96, 81525.61, 41729.90, 87699.43, 59724.30, 57851.61, 60437.92, 79287.12, 50927.53, 42835.13, 67031.81, 62113.96, 63796.19, 69373.16, 53298.58, 59545.46, 94246.50, 38362.18, 44987.37, 54805.33, 76744.75, 64018.60, 72878.35, 61426.19, 56505.00, 96495.59, 46638.82, 88534.50, 61956.48, 50012.15, 52409.41, 59795.59, 87500.47, 57124.44, 50008.92, 76214.40, 63114.76, 81055.42, 47532.68, 54433.78, 45200.59, 67814.18, 59744.19, 73635.88, 64771.27, 65063.55, 44600.97, 67478.60, 62492.13, 74308.82, 71240.43, 77002.06, 61867.23, 59408.14, 66751.97, 38221.91, 92419.14, 58288.47, 73984.62, 58300.35, 68217.24, 63057.62, 57622.55, 50646.61, 65607.15, 58719.62, 73176.59, 43266.17, 67416.68]
White Avg Expanded Node
[124131.63, 109636.81, 147365.52, 90027.80, 110407.14, 114309.90, 107575.67, 143373.70, 88806.88, 104432.46, 109726.50, 121623.75, 157940.63, 97503.13, 123443.48, 115179.35, 84726.23, 87133.67, 85218.59, 99498.76, 109529.78, 129829.31, 100993.57, 145339.96, 90268.75, 98581.76, 82735.96, 114758.56, 84081.90, 111327.45, 108884.77, 142688.37, 125222.41, 86978.97, 119611.46, 138792.55, 136502.81, 114387.46, 125839.50, 111085.00, 87405.10, 134410.62, 118621.87, 158745.93, 111871.46, 109026.09, 146365.07, 142426.16, 96660.65, 104069.03, 108088.08, 129007.05, 141775.89, 127098.86, 101825.58, 87571.32, 108740.94, 167806.50, 99665.76, 98126.68, 107296.36, 126449.33, 141100.64, 110371.78, 121442.13, 118970.36, 162069.67, 104174.50, 123387.52, 110507.07, 119599.87, 114040.38, 113229.81, 72581.04, 112836.13, 131324.08, 110066.11, 116965.00, 135049.03, 89670.03, 168357.10, 122229.73, 125051.13, 107835.16, 97007.30, 127423.71, 147077.32, 135135.20, 117366.68, 119057.45, 115316.23, 140678.65, 137474.14, 96779.52, 111676.04, 106332.42, 140579.65, 138359.52, 68313.00, 151949.67]
Black Avg Time to Make a Move (ms)
[301.13, 253.03, 319.00, 208.08, 284.86, 247.21, 241.00, 276.04, 196.48, 224.21, 303.50, 253.79, 304.70, 264.78, 230.03, 254.90, 200.04, 187.26, 210.95, 213.88, 279.78, 252.41, 258.00, 351.13, 211.46, 232.93, 185.48, 261.24, 199.48, 236.03, 226.65, 285.89, 267.32, 191.20, 313.46, 283.05, 255.97, 251.63, 293.38, 264.50, 175.03, 283.81, 252.87, 334.67, 239.29, 209.15, 285.37, 271.16, 176.62, 212.86, 219.69, 275.68, 299.37, 275.91, 204.96, 213.84, 282.13, 371.38, 252.76, 212.55, 210.12, 264.90, 252.18, 244.89, 279.46, 250.16, 300.33, 224.36, 284.83, 223.00, 265.57, 258.92, 252.95, 185.23, 267.40, 260.72, 226.00, 239.77, 283.00, 212.58, 339.52, 251.18, 296.53, 228.56, 240.85, 255.32, 294.18, 311.70, 265.32, 262.15, 208.23, 286.95, 269.93, 195.48, 242.44, 231.88, 287.15, 301.71, 160.38, 290.13]
White Avg Time to Make a Move (ms)
[220.47, 154.19, 257.41, 162.77, 184.27, 143.14, 152.43, 140.46, 140.70, 137.31, 177.68, 270.72, 133.82, 248.25, 101.69, 234.10, 126.15, 138.98, 186.13, 152.50, 159.32, 130.90, 139.33, 117.52, 137.34, 117.43, 91.56, 132.65, 125.38, 144.53, 191.93, 136.25, 194.22, 96.94, 198.00, 127.96, 120.55, 129.08, 171.71, 116.74, 96.26, 153.30, 151.63, 130.94, 153.72, 115.24, 124.36, 200.90, 87.26, 100.63, 136.89, 188.85, 154.65, 169.04, 155.44, 141.32, 240.65, 104.06, 197.40, 162.09, 109.32, 122.14, 125.62, 208.63, 124.12, 112.27, 171.16, 162.55, 179.25, 100.89, 126.22, 102.81, 138.05, 140.23, 158.50, 145.69, 141.25, 97.81, 144.13, 158.31, 157.50, 166.26, 169.38, 148.65, 137.62, 146.10, 92.26, 209.19, 130.79, 176.52, 129.16, 139.38, 129.72, 135.19, 123.21, 146.78, 126.24, 174.55, 96.21, 145.24]
=================================================

MATCHUP 6
=====================RESULT======================
Black won 8 matchups (8.00%)
White won 92 matchups (92.00%)

Average Black Move: 33.13
[36, 25, 23, 37, 43, 32, 38, 33, 27, 30, 25, 39, 49, 40, 30, 29, 36, 28, 25, 29, 27, 33, 29, 26, 34, 28, 36, 42, 34, 33, 36, 24, 28, 22, 37, 25, 13, 23, 22, 22, 39, 34, 32, 19, 29, 20, 24, 31, 43, 38, 35, 37, 34, 32, 39, 31, 32, 48, 27, 42, 30, 39, 24, 44, 35, 33, 37, 45, 37, 40, 27, 23, 35, 27, 22, 44, 38, 28, 47, 39, 47, 33, 36, 22, 48, 18, 47, 43, 15, 44, 27, 34, 38, 33, 49, 37, 35, 39, 36, 44]
Average White Move: 33.05
[36, 25, 23, 36, 43, 32, 38, 33, 27, 30, 25, 39, 49, 40, 30, 28, 36, 28, 25, 29, 27, 33, 29, 26, 34, 28, 36, 42, 34, 32, 35, 24, 28, 22, 37, 25, 13, 23, 22, 22, 39, 34, 32, 19, 29, 20, 24, 30, 43, 38, 35, 37, 33, 32, 39, 31, 32, 48, 27, 42, 30, 39, 24, 44, 35, 32, 37, 45, 37, 39, 27, 23, 35, 27, 22, 44, 38, 28, 47, 39, 47, 33, 36, 22, 48, 18, 47, 43, 15, 44, 27, 34, 38, 33, 49, 37, 35, 39, 36, 44]
Average White Piece Captured By Black: 2.99
[4, 1, 2, 4, 3, 4, 3, 3, 2, 2, 5, 3, 4, 5, 4, 2, 4, 1, 5, 6, 3, 6, 4, 1, 3, 4, 3, 3, 3, 4, 5, 2, 2, 2, 3, 1, 1, 3, 2, 0, 3, 2, 2, 1, 3, 0, 1, 3, 3, 4, 3, 4, 3, 3, 3, 1, 2, 5, 2, 4, 1, 2, 1, 3, 3, 4, 4, 3, 4, 7, 3, 1, 4, 1, 3, 2, 5, 3, 2, 2, 2, 4, 4, 2, 4, 1, 6, 4, 1, 2, 2, 3, 3, 5, 4, 3, 4, 4, 4, 5]
Average Black Piece Captured By White: 10.22
[11, 8, 5, 11, 11, 10, 9, 10, 11, 9, 9, 12, 13, 12, 10, 7, 10, 10, 10, 11, 10, 11, 11, 8, 10, 9, 11, 11, 12, 10, 12, 9, 8, 8, 12, 8, 4, 9, 7, 8, 10, 9, 10, 5, 8, 8, 10, 10, 13, 11, 9, 12, 11, 10, 11, 11, 10, 16, 8, 13, 9, 10, 9, 13, 11, 9, 12, 13, 10, 9, 10, 9, 11, 8, 9, 13, 14, 8, 13, 11, 12, 10, 12, 8, 16, 6, 16, 16, 5, 10, 9, 11, 10, 10, 12, 9, 11, 12, 10, 14]
Average Expanded Black Nodes: 547347.67
[563745, 539189, 460631, 566252, 536144, 518468, 547549, 516493, 413772, 503089, 511598, 554414, 656262, 604770, 556499, 613445, 682339, 564400, 503625, 664384, 457004, 562775, 485469, 404753, 682791, 528391, 485572, 627066, 555004, 544445, 605509, 478605, 617596, 319092, 575016, 581040, 321080, 375419, 399004, 434236, 624152, 495467, 665592, 474397, 540857, 618197, 455563, 556082, 632109, 590433, 619932, 452516, 571043, 709690, 631565, 491100, 526727, 528353, 459321, 467239, 547878, 625673, 465839, 694245, 635431, 661833, 538252, 569347, 655652, 648660, 426641, 536207, 477917, 515572, 408560, 578133, 505991, 451594, 823443, 728118, 680443, 580930, 518921, 398877, 644362, 390691, 734012, 608440, 246545, 608631, 487911, 584801, 461764, 497499, 663683, 597905, 589104, 546587, 535684, 635721]
Average Expanded White Nodes: 1416467.41
[1588673, 986854, 799586, 1170146, 1400887, 1005434, 1327750, 1045672, 1095733, 1569281, 1791209, 1338407, 2421887, 1312784, 1307716, 2164145, 1659734, 1176173, 1098365, 1747824, 806738, 1261464, 926446, 789824, 1150727, 1291390, 796044, 1305238, 887611, 2799094, 2282141, 1035115, 1384695, 948973, 1095507, 1464284, 498104, 1168925, 895975, 1398403, 1413545, 1345986, 1657247, 927220, 1922109, 1136298, 841763, 1158810, 1996255, 1169508, 1266643, 1227392, 1905273, 1329412, 1375312, 965596, 867254, 1236871, 1967301, 1080646, 974119, 2045798, 795626, 1033782, 1754657, 1563007, 926027, 1168954, 1124696, 3108832, 1261456, 1376758, 1928487, 1254702, 1031162, 3115276, 1130042, 884625, 2793409, 1750807, 2132100, 1328098, 1568078, 1056998, 2058832, 607507, 1622604, 1400499, 362716, 1268376, 1027657, 1413114, 2155430, 1999593, 3064387, 2091666, 1102106, 1397129, 2280023, 1702207]
Black Avg Expanded Node
[15659.58, 21567.56, 20027.43, 15304.11, 12468.47, 16202.13, 14409.18, 15651.30, 15324.89, 16769.63, 20463.92, 14215.74, 13393.10, 15119.25, 18549.97, 21153.28, 18953.86, 20157.14, 20145.00, 22909.79, 16926.07, 17053.79, 16740.31, 15567.42, 20082.09, 18871.11, 13488.11, 14930.14, 16323.65, 16498.33, 16819.69, 19941.88, 22057.00, 14504.18, 15540.97, 23241.60, 24698.46, 16322.57, 18136.55, 19738.00, 16003.90, 14572.56, 20799.75, 24968.26, 18650.24, 30909.85, 18981.79, 17938.13, 14700.21, 15537.71, 17712.34, 12230.16, 16795.38, 22177.81, 16193.97, 15841.94, 16460.22, 11007.35, 17011.89, 11124.74, 18262.60, 16042.90, 19409.96, 15778.30, 18155.17, 20055.55, 14547.35, 12652.16, 17720.32, 16216.50, 15801.52, 23313.35, 13654.77, 19095.26, 18570.91, 13139.39, 13315.55, 16128.36, 17520.06, 18669.69, 14477.51, 17603.94, 14414.47, 18130.77, 13424.21, 21705.06, 15617.28, 14149.77, 16436.33, 13832.52, 18070.78, 17200.03, 12151.68, 15075.73, 13544.55, 16159.59, 16831.54, 14015.05, 14880.11, 14448.20]
White Avg Expanded Node
[44129.81, 39474.16, 34764.61, 32504.06, 32578.77, 31419.81, 34940.79, 31687.03, 40582.70, 52309.37, 71648.36, 34318.13, 49426.27, 32819.60, 43590.53, 77290.89, 46103.72, 42006.18, 43934.60, 60269.79, 29879.19, 38226.18, 31946.41, 30377.85, 33844.91, 46121.07, 22112.33, 31077.10, 26106.21, 87471.69, 65204.03, 43129.79, 49453.39, 43135.14, 29608.30, 58571.36, 38315.69, 50822.83, 40726.14, 63563.77, 36244.74, 39587.82, 51788.97, 48801.05, 66279.62, 56814.90, 35073.46, 38627.00, 46424.53, 30776.53, 36189.80, 33172.76, 57735.55, 41544.13, 35264.41, 31148.26, 27101.69, 25768.15, 72863.00, 25729.67, 32470.63, 52456.36, 33151.08, 23495.05, 50133.06, 48843.97, 25027.76, 25976.76, 30397.19, 79713.64, 46720.59, 59859.04, 55099.63, 46470.44, 46871.00, 70801.73, 29737.95, 31593.75, 59434.23, 44892.49, 45363.83, 40245.39, 43557.72, 48045.36, 42892.33, 33750.39, 34523.49, 32569.74, 24181.07, 28826.73, 38061.37, 41562.18, 56721.84, 60593.73, 62538.51, 56531.51, 31488.74, 35823.82, 63333.97, 38686.52]
Black Avg Time to Make a Move (ms)
[117.75, 110.00, 103.65, 88.42, 67.51, 78.00, 98.39, 78.76, 119.81, 144.17, 159.68, 81.51, 109.39, 76.55, 96.20, 154.82, 99.25, 111.43, 117.08, 140.48, 79.26, 100.94, 89.83, 87.73, 104.06, 128.82, 62.50, 80.24, 73.94, 175.97, 151.23, 119.25, 115.32, 121.18, 86.03, 164.48, 111.38, 114.74, 108.68, 154.18, 85.00, 96.68, 133.91, 126.74, 144.31, 158.70, 92.38, 92.53, 102.12, 74.58, 83.57, 76.46, 135.64, 104.47, 85.13, 78.10, 85.91, 72.65, 163.04, 60.10, 86.77, 119.36, 87.54, 59.50, 117.63, 126.91, 62.76, 64.29, 85.16, 166.03, 114.70, 129.17, 132.26, 114.44, 123.27, 147.34, 64.66, 108.00, 135.17, 102.15, 107.06, 99.39, 123.56, 133.27, 104.13, 98.28, 80.26, 68.37, 81.67, 73.27, 112.89, 95.97, 116.08, 138.03, 120.33, 129.27, 95.49, 87.38, 121.14, 83.30]
White Avg Time to Make a Move (ms)
[35.97, 44.04, 42.91, 30.30, 26.00, 31.78, 28.37, 29.76, 32.70, 33.37, 40.20, 28.67, 26.29, 28.80, 37.97, 42.97, 34.58, 38.46, 41.20, 43.31, 33.56, 31.94, 32.97, 32.00, 43.59, 37.71, 28.61, 29.29, 32.09, 34.00, 33.53, 41.29, 41.14, 30.95, 30.51, 45.20, 56.00, 31.78, 36.23, 39.27, 31.49, 30.00, 41.06, 51.11, 37.21, 60.80, 42.08, 36.52, 27.77, 28.16, 33.86, 25.54, 32.35, 41.22, 30.10, 32.03, 31.44, 22.42, 34.70, 22.50, 36.33, 34.62, 39.83, 30.02, 36.46, 41.21, 29.11, 25.33, 35.11, 30.13, 32.59, 45.04, 25.91, 42.04, 39.68, 26.93, 26.53, 34.50, 35.64, 36.49, 29.64, 35.21, 28.81, 39.05, 26.44, 46.83, 28.64, 26.16, 39.13, 28.93, 34.93, 35.56, 24.76, 28.03, 25.47, 30.59, 32.77, 26.69, 28.69, 27.09]
=================================================