MATCHUP 1
=====================RESULT======================
Black won 7 matchups (7.00%)
White won 93 matchups (93.00%)

Average Black Move: 34.61
[39, 32, 41, 36, 33, 37, 33, 25, 34, 21, 34, 33, 33, 38, 27, 35, 33, 23, 28, 40, 31, 25, 40, 34, 31, 28, 28, 37, 38, 38, 34, 39, 40, 33, 38, 33, 33, 37, 38, 36, 43, 40, 37, 39, 35, 28, 38, 38, 36, 37, 35, 25, 36, 35, 37, 33, 27, 38, 36, 37, 38, 29, 33, 37, 37, 39, 35, 28, 39, 35, 27, 38, 36, 37, 40, 36, 37, 41, 39, 35, 37, 27, 38, 41, 27, 29, 28, 45, 34, 39, 28, 35, 35, 37, 40, 42, 31, 40, 24, 32]
Average White Move: 34.54
[39, 32, 41, 36, 33, 37, 33, 25, 34, 21, 34, 33, 33, 38, 27, 35, 33, 23, 28, 39, 31, 25, 40, 34, 31, 28, 28, 37, 38, 38, 34, 39, 40, 33, 38, 33, 33, 37, 38, 36, 42, 40, 37, 39, 35, 28, 38, 38, 36, 37, 35, 25, 36, 35, 37, 33, 27, 38, 36, 36, 38, 29, 33, 37, 37, 39, 34, 28, 39, 35, 27, 38, 36, 37, 40, 36, 37, 41, 38, 35, 37, 27, 38, 41, 27, 29, 28, 45, 34, 39, 28, 35, 35, 37, 39, 41, 31, 40, 24, 32]
Average White Piece Captured By Black: 4.36
[5, 4, 5, 5, 3, 5, 3, 4, 5, 2, 4, 3, 4, 4, 4, 4, 5, 3, 3, 3, 4, 4, 5, 5, 3, 3, 3, 5, 5, 3, 4, 5, 8, 5, 4, 4, 3, 5, 5, 4, 6, 7, 5, 5, 5, 4, 6, 4, 5, 6, 4, 3, 3, 3, 3, 4, 3, 4, 4, 8, 5, 4, 3, 4, 3, 4, 6, 3, 5, 5, 2, 5, 3, 3, 5, 4, 3, 7, 7, 4, 5, 4, 6, 6, 3, 4, 3, 9, 3, 5, 4, 3, 4, 6, 9, 6, 3, 5, 3, 3]
Average Black Piece Captured By White: 14.38
[16, 16, 16, 12, 16, 13, 12, 12, 16, 6, 16, 16, 16, 16, 12, 13, 10, 9, 13, 12, 13, 8, 16, 13, 13, 11, 14, 16, 16, 16, 13, 16, 15, 14, 16, 16, 13, 16, 16, 16, 15, 16, 16, 16, 16, 10, 13, 16, 16, 16, 14, 11, 14, 16, 16, 16, 12, 16, 16, 11, 16, 12, 16, 16, 13, 16, 13, 14, 16, 16, 11, 16, 16, 16, 16, 16, 16, 16, 13, 16, 16, 13, 16, 16, 12, 13, 10, 16, 16, 16, 12, 16, 16, 16, 13, 15, 16, 16, 11, 16]
Average Expanded Black Nodes: 354445.87
[366975, 374889, 384155, 411536, 270355, 441111, 338300, 309016, 382557, 275457, 325792, 283214, 295828, 408300, 343805, 446504, 397345, 343485, 336547, 389052, 404931, 314198, 453440, 296990, 333006, 307117, 302855, 391874, 333888, 362443, 366515, 358840, 361117, 419245, 287532, 307752, 331630, 348920, 412144, 314711, 408329, 336422, 372445, 406859, 331384, 356967, 399729, 324506, 355204, 400072, 387203, 342119, 323856, 328267, 359970, 293750, 326470, 332702, 315235, 421044, 398648, 339289, 381362, 407105, 400940, 409040, 358984, 318394, 389323, 345097, 364651, 360788, 288260, 333930, 333450, 368875, 296971, 370504, 415574, 297697, 382806, 344651, 378095, 401925, 277700, 362368, 353765, 360167, 265956, 401099, 272493, 343419, 348550, 421329, 412503, 306221, 328596, 426711, 279677, 341770]
Average Expanded White Nodes: 869.03
[954, 883, 1070, 895, 900, 914, 860, 628, 853, 513, 841, 801, 867, 957, 683, 890, 862, 584, 735, 977, 893, 623, 977, 786, 806, 725, 780, 947, 937, 983, 828, 938, 929, 798, 993, 845, 844, 905, 907, 962, 1134, 982, 941, 983, 884, 686, 1014, 910, 873, 952, 870, 620, 939, 887, 980, 860, 745, 940, 926, 781, 891, 710, 875, 989, 1019, 987, 783, 718, 952, 852, 674, 953, 903, 928, 1016, 969, 912, 948, 916, 893, 945, 722, 913, 990, 669, 799, 678, 1047, 847, 967, 680, 902, 924, 855, 898, 970, 817, 959, 583, 870]
Black Avg Expanded Node
[9409.62, 11715.28, 9369.63, 11431.56, 8192.58, 11921.92, 10251.52, 12360.64, 11251.68, 13117.00, 9582.12, 8582.24, 8964.48, 10744.74, 12733.52, 12757.26, 12040.76, 14934.13, 12019.54, 9726.30, 13062.29, 12567.92, 11336.00, 8735.00, 10742.13, 10968.46, 10816.25, 10591.19, 8786.53, 9537.97, 10779.85, 9201.03, 9027.93, 12704.39, 7566.63, 9325.82, 10049.39, 9430.27, 10845.89, 8741.97, 9496.02, 8410.55, 10066.08, 10432.28, 9468.11, 12748.82, 10519.18, 8539.63, 9866.78, 10812.76, 11062.94, 13684.76, 8996.00, 9379.06, 9728.92, 8901.52, 12091.48, 8755.32, 8756.53, 11379.57, 10490.74, 11699.62, 11556.42, 11002.84, 10836.22, 10488.21, 10256.69, 11371.21, 9982.64, 9859.91, 13505.59, 9494.42, 8007.22, 9025.14, 8336.25, 10246.53, 8026.24, 9036.68, 10655.74, 8505.63, 10346.11, 12764.85, 9949.87, 9803.05, 10285.19, 12495.45, 12634.46, 8003.71, 7822.24, 10284.59, 9731.89, 9811.97, 9958.57, 11387.27, 10312.58, 7290.98, 10599.87, 10667.78, 11653.21, 10680.31]
White Avg Expanded Node
[24.46, 27.59, 26.10, 24.86, 27.27, 24.70, 26.06, 25.12, 25.09, 24.43, 24.74, 24.27, 26.27, 25.18, 25.30, 25.43, 26.12, 25.39, 26.25, 25.05, 28.81, 24.92, 24.43, 23.12, 26.00, 25.89, 27.86, 25.59, 24.66, 25.87, 24.35, 24.05, 23.23, 24.18, 26.13, 25.61, 25.58, 24.46, 23.87, 26.72, 27.00, 24.55, 25.43, 25.21, 25.26, 24.50, 26.68, 23.95, 24.25, 25.73, 24.86, 24.80, 26.08, 25.34, 26.49, 26.06, 27.59, 24.74, 25.72, 21.69, 23.45, 24.48, 26.52, 26.73, 27.54, 25.31, 23.03, 25.64, 24.41, 24.34, 24.96, 25.08, 25.08, 25.08, 25.40, 26.92, 24.65, 23.12, 24.11, 25.51, 25.54, 26.74, 24.03, 24.15, 24.78, 27.55, 24.21, 23.27, 24.91, 24.79, 24.29, 25.77, 26.40, 23.11, 23.03, 23.66, 26.35, 23.98, 24.29, 27.19]
Black Avg Time to Make a Move (ms)
[0.10, 0.03, 0.02, 0.06, 0.00, 0.03, 0.03, 0.16, 0.12, 0.14, 0.00, 0.09, 0.00, 0.03, 0.04, 0.03, 0.09, 0.09, 0.07, 0.08, 0.00, 0.04, 0.00, 0.00, 0.03, 0.00, 0.11, 0.03, 0.03, 0.05, 0.06, 0.03, 0.08, 0.12, 0.08, 0.06, 0.03, 0.08, 0.05, 0.06, 0.00, 0.00, 0.05, 0.00, 0.03, 0.04, 0.05, 0.00, 0.08, 0.03, 0.09, 0.08, 0.08, 0.00, 0.03, 0.03, 0.04, 0.11, 0.11, 0.03, 0.05, 0.14, 0.09, 0.16, 0.11, 0.05, 0.09, 0.04, 0.10, 0.09, 0.07, 0.05, 0.06, 0.00, 0.10, 0.11, 0.03, 0.02, 0.05, 0.11, 0.05, 0.04, 0.08, 0.07, 0.07, 0.17, 0.07, 0.13, 0.12, 0.08, 0.04, 0.06, 0.03, 0.03, 0.05, 0.07, 0.00, 0.08, 0.17, 0.06]
White Avg Time to Make a Move (ms)
[22.10, 25.78, 20.07, 20.06, 17.58, 22.30, 19.76, 22.64, 20.82, 28.19, 17.35, 17.24, 18.33, 20.16, 25.41, 23.49, 24.61, 28.83, 22.54, 19.28, 23.71, 30.60, 18.70, 20.71, 24.71, 25.32, 24.21, 22.46, 17.42, 19.24, 23.21, 17.95, 17.45, 24.06, 16.29, 19.61, 19.48, 17.11, 20.71, 16.97, 19.42, 16.80, 23.19, 20.21, 16.74, 25.50, 22.05, 15.24, 21.67, 24.30, 21.71, 25.40, 18.44, 19.77, 17.03, 17.42, 24.67, 20.21, 18.36, 25.49, 23.11, 22.45, 22.45, 26.97, 24.11, 20.56, 22.03, 24.00, 21.85, 24.37, 33.44, 19.66, 16.81, 19.62, 21.13, 24.61, 19.08, 16.15, 20.10, 19.11, 18.68, 26.19, 21.16, 17.88, 20.15, 24.93, 27.18, 16.82, 17.50, 19.15, 19.64, 19.49, 18.20, 20.05, 19.00, 13.81, 22.77, 19.35, 24.92, 21.69]
=================================================

MATCHUP 2
=====================RESULT======================
Black won 100 matchups (100.00%)
White won 0 matchups (0.00%)

Average Black Move: 12.59
[18, 10, 13, 10, 9, 13, 13, 13, 11, 9, 13, 17, 10, 6, 15, 11, 13, 14, 12, 11, 11, 20, 14, 17, 10, 17, 14, 15, 19, 11, 18, 11, 9, 18, 17, 14, 14, 12, 15, 13, 7, 18, 10, 12, 15, 16, 12, 10, 11, 14, 11, 20, 17, 11, 6, 9, 10, 8, 13, 10, 16, 8, 7, 18, 13, 12, 16, 9, 18, 8, 15, 9, 14, 12, 10, 13, 14, 11, 8, 13, 17, 11, 8, 15, 9, 16, 11, 11, 6, 9, 11, 9, 13, 10, 15, 12, 16, 24, 11, 11]
Average White Move: 11.59
[17, 9, 12, 9, 8, 12, 12, 12, 10, 8, 12, 16, 9, 5, 14, 10, 12, 13, 11, 10, 10, 19, 13, 16, 9, 16, 13, 14, 18, 10, 17, 10, 8, 17, 16, 13, 13, 11, 14, 12, 6, 17, 9, 11, 14, 15, 11, 9, 10, 13, 10, 19, 16, 10, 5, 8, 9, 7, 12, 9, 15, 7, 6, 17, 12, 11, 15, 8, 17, 7, 14, 8, 13, 11, 9, 12, 13, 10, 7, 12, 16, 10, 7, 14, 8, 15, 10, 10, 5, 8, 10, 8, 12, 9, 14, 11, 15, 23, 10, 10]
Average White Piece Captured By Black: 3.41
[7, 3, 4, 1, 3, 4, 3, 3, 3, 2, 3, 6, 2, 1, 5, 1, 4, 4, 3, 4, 2, 5, 4, 4, 3, 6, 5, 5, 5, 4, 6, 5, 3, 3, 3, 3, 5, 4, 4, 3, 3, 5, 4, 3, 2, 1, 1, 3, 3, 1, 3, 7, 3, 2, 3, 3, 4, 3, 4, 3, 5, 2, 4, 3, 4, 4, 4, 2, 5, 4, 4, 3, 4, 2, 2, 3, 4, 1, 3, 2, 5, 2, 3, 4, 4, 5, 1, 2, 3, 2, 5, 3, 4, 3, 4, 2, 4, 6, 3, 2]
Average Black Piece Captured By White: 0.22
[1, 0, 0, 0, 0, 0, 0, 0, 0, 0, 0, 1, 0, 0, 0, 0, 0, 0, 0, 0, 0, 1, 0, 2, 1, 1, 0, 1, 0, 0, 1, 0, 0, 1, 0, 0, 0, 0, 0, 0, 0, 1, 0, 1, 0, 1, 0, 0, 0, 0, 0, 1, 0, 0, 0, 0, 0, 0, 0, 0, 0, 0, 0, 1, 0, 0, 1, 0, 1, 0, 1, 0, 0, 0, 0, 0, 0, 0, 0, 0, 0, 0, 0, 0, 0, 0, 0, 0, 0, 0, 1, 0, 0, 0, 0, 0, 0, 2, 1, 0]
Average Expanded Black Nodes: 361.84
[595, 272, 402, 265, 238, 408, 369, 372, 325, 228, 384, 498, 273, 141, 440, 302, 378, 410, 337, 328, 313, 616, 418, 486, 252, 520, 412, 415, 581, 308, 511, 303, 237, 527, 508, 410, 434, 354, 439, 382, 171, 505, 282, 347, 443, 479, 337, 268, 312, 487, 315, 634, 505, 312, 143, 242, 273, 209, 377, 304, 494, 202, 172, 537, 384, 349, 469, 241, 509, 203, 417, 240, 410, 331, 271, 374, 379, 306, 204, 386, 524, 305, 201, 451, 233, 488, 306, 310, 145, 238, 296, 242, 367, 280, 449, 364, 461, 698, 301, 311]
Average Expanded White Nodes: 283.45
[403, 212, 298, 211, 189, 319, 285, 288, 237, 179, 307, 380, 216, 115, 356, 230, 286, 329, 267, 242, 250, 472, 299, 375, 219, 363, 320, 331, 436, 256, 446, 223, 206, 458, 398, 310, 310, 265, 356, 301, 153, 384, 202, 274, 340, 388, 272, 228, 261, 342, 243, 444, 370, 256, 116, 191, 223, 174, 294, 214, 369, 155, 138, 478, 293, 278, 352, 191, 365, 163, 361, 192, 299, 259, 246, 276, 299, 243, 164, 309, 399, 245, 174, 372, 192, 357, 238, 257, 115, 210, 223, 200, 278, 238, 366, 276, 375, 571, 236, 281]
Black Avg Expanded Node
[33.06, 27.20, 30.92, 26.50, 26.44, 31.38, 28.38, 28.62, 29.55, 25.33, 29.54, 29.29, 27.30, 23.50, 29.33, 27.45, 29.08, 29.29, 28.08, 29.82, 28.45, 30.80, 29.86, 28.59, 25.20, 30.59, 29.43, 27.67, 30.58, 28.00, 28.39, 27.55, 26.33, 29.28, 29.88, 29.29, 31.00, 29.50, 29.27, 29.38, 24.43, 28.06, 28.20, 28.92, 29.53, 29.94, 28.08, 26.80, 28.36, 34.79, 28.64, 31.70, 29.71, 28.36, 23.83, 26.89, 27.30, 26.13, 29.00, 30.40, 30.88, 25.25, 24.57, 29.83, 29.54, 29.08, 29.31, 26.78, 28.28, 25.38, 27.80, 26.67, 29.29, 27.58, 27.10, 28.77, 27.07, 27.82, 25.50, 29.69, 30.82, 27.73, 25.13, 30.07, 25.89, 30.50, 27.82, 28.18, 24.17, 26.44, 26.91, 26.89, 28.23, 28.00, 29.93, 30.33, 28.81, 29.08, 27.36, 28.27]
White Avg Expanded Node
[23.71, 23.56, 24.83, 23.44, 23.63, 26.58, 23.75, 24.00, 23.70, 22.38, 25.58, 23.75, 24.00, 23.00, 25.43, 23.00, 23.83, 25.31, 24.27, 24.20, 25.00, 24.84, 23.00, 23.44, 24.33, 22.69, 24.62, 23.64, 24.22, 25.60, 26.24, 22.30, 25.75, 26.94, 24.88, 23.85, 23.85, 24.09, 25.43, 25.08, 25.50, 22.59, 22.44, 24.91, 24.29, 25.87, 24.73, 25.33, 26.10, 26.31, 24.30, 23.37, 23.13, 25.60, 23.20, 23.88, 24.78, 24.86, 24.50, 23.78, 24.60, 22.14, 23.00, 28.12, 24.42, 25.27, 23.47, 23.88, 21.47, 23.29, 25.79, 24.00, 23.00, 23.55, 27.33, 23.00, 23.00, 24.30, 23.43, 25.75, 24.94, 24.50, 24.86, 26.57, 24.00, 23.80, 23.80, 25.70, 23.00, 26.25, 22.30, 25.00, 23.17, 26.44, 26.14, 25.09, 25.00, 24.83, 23.60, 28.10]
Black Avg Time to Make a Move (ms)
[0.29, 0.11, 0.08, 0.11, 0.25, 0.17, 0.17, 0.25, 0.20, 0.25, 0.25, 0.06, 0.11, 0.20, 0.07, 0.00, 0.25, 0.00, 0.18, 0.10, 0.00, 0.05, 0.15, 0.19, 0.22, 0.13, 0.08, 0.14, 0.11, 0.10, 0.06, 0.00, 0.13, 0.12, 0.13, 0.15, 0.08, 0.27, 0.14, 0.08, 0.17, 0.18, 0.00, 0.18, 0.07, 0.13, 0.09, 0.11, 0.10, 0.00, 0.10, 0.16, 0.06, 0.20, 0.00, 0.00, 0.11, 0.00, 0.08, 0.11, 0.07, 0.00, 0.17, 0.06, 0.08, 0.09, 0.07, 0.13, 0.06, 0.00, 0.00, 0.00, 0.00, 0.09, 0.00, 0.00, 0.08, 0.00, 0.14, 0.00, 0.13, 0.10, 0.00, 0.14, 0.13, 0.13, 0.10, 0.10, 0.60, 0.00, 0.00, 0.00, 0.17, 0.00, 0.07, 0.09, 0.07, 0.09, 0.00, 0.00]
White Avg Time to Make a Move (ms)
[0.33, 0.10, 0.23, 0.40, 0.22, 0.23, 0.31, 0.23, 0.18, 0.22, 0.15, 0.35, 0.20, 0.17, 0.33, 0.18, 0.00, 0.14, 0.00, 0.09, 0.18, 0.15, 0.07, 0.00, 0.00, 0.06, 0.14, 0.07, 0.11, 0.09, 0.17, 0.18, 0.11, 0.06, 0.06, 0.07, 0.07, 0.00, 0.07, 0.08, 0.00, 0.00, 0.20, 0.00, 0.07, 0.06, 0.00, 0.10, 0.00, 0.14, 0.00, 0.00, 0.06, 0.00, 0.17, 0.11, 0.10, 0.13, 0.08, 0.00, 0.13, 0.13, 0.00, 0.06, 0.08, 0.08, 0.06, 0.00, 0.06, 0.13, 0.20, 0.11, 0.14, 0.00, 0.20, 0.23, 0.14, 0.18, 0.13, 0.23, 0.06, 0.09, 0.13, 0.07, 0.11, 0.00, 0.00, 0.09, 0.00, 0.11, 0.18, 0.22, 0.00, 0.10, 0.07, 0.00, 0.06, 0.13, 0.18, 0.18]
=================================================

MATCHUP 3
=====================RESULT======================
Black won 82 matchups (82.00%)
White won 18 matchups (18.00%)

Average Black Move: 42.15
[49, 23, 32, 54, 43, 44, 44, 47, 49, 38, 33, 40, 46, 41, 41, 48, 39, 37, 34, 51, 45, 50, 47, 40, 51, 37, 37, 51, 44, 39, 36, 31, 40, 46, 40, 37, 39, 46, 42, 51, 48, 49, 48, 48, 45, 35, 42, 46, 47, 46, 40, 51, 36, 48, 40, 47, 50, 47, 30, 49, 17, 49, 49, 40, 50, 37, 44, 49, 52, 45, 41, 41, 34, 49, 37, 39, 29, 43, 45, 40, 50, 20, 40, 45, 44, 50, 33, 47, 34, 42, 33, 38, 40, 56, 46, 32, 30, 47, 52, 32]
Average White Move: 41.33
[48, 22, 31, 54, 42, 43, 43, 46, 48, 37, 32, 39, 45, 40, 40, 47, 39, 36, 33, 50, 44, 49, 46, 39, 51, 36, 36, 51, 43, 38, 35, 30, 39, 45, 39, 36, 39, 45, 41, 50, 47, 49, 47, 48, 44, 34, 41, 45, 46, 45, 39, 50, 35, 48, 39, 46, 50, 46, 29, 49, 16, 49, 48, 39, 49, 37, 43, 49, 51, 44, 40, 40, 33, 48, 36, 38, 28, 42, 44, 39, 49, 19, 39, 44, 43, 49, 32, 47, 33, 41, 32, 37, 39, 56, 46, 31, 30, 46, 52, 31]
Average White Piece Captured By Black: 12.03
[16, 7, 10, 14, 14, 15, 16, 12, 13, 11, 9, 9, 10, 13, 14, 13, 10, 12, 11, 14, 11, 10, 10, 10, 14, 11, 13, 15, 14, 15, 10, 7, 14, 16, 13, 12, 9, 12, 13, 12, 16, 15, 16, 11, 16, 10, 9, 13, 16, 15, 11, 16, 8, 15, 8, 9, 15, 12, 7, 15, 5, 15, 16, 13, 13, 10, 16, 10, 13, 16, 12, 12, 8, 13, 11, 11, 8, 16, 16, 10, 12, 7, 12, 11, 16, 12, 9, 7, 11, 11, 9, 10, 13, 14, 15, 10, 6, 16, 13, 8]
Average Black Piece Captured By White: 7.39
[6, 1, 6, 11, 9, 7, 5, 10, 11, 5, 4, 11, 12, 7, 7, 10, 9, 5, 3, 8, 8, 15, 12, 7, 12, 6, 5, 9, 7, 4, 7, 6, 7, 7, 8, 2, 9, 7, 7, 10, 7, 8, 8, 12, 5, 2, 11, 7, 5, 5, 8, 9, 8, 9, 11, 13, 8, 8, 4, 8, 1, 8, 8, 6, 11, 8, 5, 13, 11, 5, 7, 7, 7, 10, 8, 7, 2, 6, 8, 7, 10, 2, 6, 10, 5, 10, 3, 16, 5, 9, 4, 8, 7, 11, 3, 1, 6, 5, 11, 4]
Average Expanded Black Nodes: 1024.21
[1305, 591, 1042, 1316, 1101, 1090, 1134, 1006, 1086, 923, 869, 912, 948, 1107, 1054, 1085, 940, 998, 900, 1260, 1042, 1054, 1000, 1038, 1143, 1048, 907, 1234, 1098, 1017, 1024, 860, 1015, 1178, 964, 918, 894, 1150, 1099, 1088, 1134, 1185, 1091, 1077, 1060, 864, 969, 1154, 1106, 1099, 981, 1170, 844, 1127, 929, 885, 1272, 1227, 897, 1127, 395, 1122, 1128, 994, 1223, 947, 1260, 938, 1148, 1119, 1057, 1033, 976, 1057, 1001, 998, 686, 1155, 1076, 943, 1086, 517, 1048, 1031, 1075, 1108, 941, 906, 916, 1090, 797, 978, 1047, 1196, 1230, 815, 679, 1184, 998, 887]
Average Expanded White Nodes: 855.04
[815, 498, 616, 1074, 823, 799, 789, 994, 891, 841, 721, 860, 1084, 762, 776, 952, 921, 756, 750, 926, 941, 1124, 1020, 823, 959, 830, 721, 935, 867, 751, 712, 719, 755, 895, 862, 755, 965, 846, 788, 1031, 852, 888, 935, 1122, 899, 769, 889, 929, 887, 758, 876, 956, 789, 840, 1003, 1064, 819, 930, 695, 985, 376, 898, 906, 824, 910, 949, 769, 1190, 927, 780, 821, 884, 797, 982, 785, 835, 650, 856, 850, 889, 997, 410, 763, 988, 846, 963, 677, 1133, 749, 845, 721, 806, 876, 1090, 749, 715, 719, 874, 1144, 729]
Black Avg Expanded Node
[26.63, 25.70, 32.56, 24.37, 25.60, 24.77, 25.77, 21.40, 22.16, 24.29, 26.33, 22.80, 20.61, 27.00, 25.71, 22.60, 24.10, 26.97, 26.47, 24.71, 23.16, 21.08, 21.28, 25.95, 22.41, 28.32, 24.51, 24.20, 24.95, 26.08, 28.44, 27.74, 25.38, 25.61, 24.10, 24.81, 22.92, 25.00, 26.17, 21.33, 23.63, 24.18, 22.73, 22.44, 23.56, 24.69, 23.07, 25.09, 23.53, 23.89, 24.53, 22.94, 23.44, 23.48, 23.23, 18.83, 25.44, 26.11, 29.90, 23.00, 23.24, 22.90, 23.02, 24.85, 24.46, 25.59, 28.64, 19.14, 22.08, 24.87, 25.78, 25.20, 28.71, 21.57, 27.05, 25.59, 23.66, 26.86, 23.91, 23.58, 21.72, 25.85, 26.20, 22.91, 24.43, 22.16, 28.52, 19.28, 26.94, 25.95, 24.15, 25.74, 26.18, 21.36, 26.74, 25.47, 22.63, 25.19, 19.19, 27.72]
White Avg Expanded Node
[16.98, 22.64, 19.87, 19.89, 19.60, 18.58, 18.35, 21.61, 18.56, 22.73, 22.53, 22.05, 24.09, 19.05, 19.40, 20.26, 23.62, 21.00, 22.73, 18.52, 21.39, 22.94, 22.17, 21.10, 18.80, 23.06, 20.03, 18.33, 20.16, 19.76, 20.34, 23.97, 19.36, 19.89, 22.10, 20.97, 24.74, 18.80, 19.22, 20.62, 18.13, 18.12, 19.89, 23.38, 20.43, 22.62, 21.68, 20.64, 19.28, 16.84, 22.46, 19.12, 22.54, 17.50, 25.72, 23.13, 16.38, 20.22, 23.97, 20.10, 23.50, 18.33, 18.88, 21.13, 18.57, 25.65, 17.88, 24.29, 18.18, 17.73, 20.53, 22.10, 24.15, 20.46, 21.81, 21.97, 23.21, 20.38, 19.32, 22.79, 20.35, 21.58, 19.56, 22.45, 19.67, 19.65, 21.16, 24.11, 22.70, 20.61, 22.53, 21.78, 22.46, 19.46, 16.28, 23.06, 23.97, 19.00, 22.00, 23.52]
Black Avg Time to Make a Move (ms)
[0.13, 0.23, 0.10, 0.06, 0.05, 0.12, 0.02, 0.07, 0.06, 0.05, 0.03, 0.03, 0.07, 0.10, 0.05, 0.04, 0.13, 0.03, 0.09, 0.02, 0.05, 0.04, 0.04, 0.00, 0.08, 0.08, 0.08, 0.04, 0.02, 0.08, 0.06, 0.10, 0.05, 0.04, 0.03, 0.03, 0.10, 0.07, 0.10, 0.08, 0.04, 0.06, 0.02, 0.08, 0.07, 0.12, 0.02, 0.04, 0.07, 0.04, 0.05, 0.02, 0.03, 0.06, 0.13, 0.07, 0.06, 0.07, 0.10, 0.00, 0.13, 0.08, 0.02, 0.10, 0.06, 0.03, 0.05, 0.00, 0.04, 0.05, 0.05, 0.10, 0.06, 0.06, 0.03, 0.08, 0.11, 0.05, 0.09, 0.00, 0.04, 0.00, 0.05, 0.07, 0.05, 0.04, 0.09, 0.02, 0.03, 0.07, 0.09, 0.03, 0.08, 0.04, 0.00, 0.06, 0.10, 0.02, 0.02, 0.06]
White Avg Time to Make a Move (ms)
[0.22, 0.09, 0.25, 0.22, 0.23, 0.11, 0.16, 0.11, 0.06, 0.11, 0.15, 0.10, 0.07, 0.05, 0.12, 0.10, 0.10, 0.19, 0.09, 0.10, 0.11, 0.06, 0.06, 0.13, 0.02, 0.05, 0.11, 0.10, 0.14, 0.10, 0.06, 0.03, 0.05, 0.07, 0.08, 0.08, 0.08, 0.09, 0.05, 0.02, 0.08, 0.04, 0.10, 0.06, 0.09, 0.06, 0.10, 0.11, 0.09, 0.07, 0.05, 0.08, 0.11, 0.08, 0.08, 0.06, 0.08, 0.09, 0.03, 0.08, 0.06, 0.00, 0.06, 0.00, 0.04, 0.08, 0.05, 0.10, 0.06, 0.09, 0.07, 0.02, 0.09, 0.06, 0.08, 0.05, 0.10, 0.12, 0.07, 0.20, 0.06, 0.15, 0.05, 0.04, 0.07, 0.06, 0.06, 0.09, 0.12, 0.05, 0.09, 0.11, 0.03, 0.05, 0.11, 0.06, 0.03, 0.09, 0.06, 0.06]
=================================================

MATCHUP 4
=====================RESULT======================
Black won 15 matchups (15.00%)
White won 85 matchups (85.00%)

Average Black Move: 35.99
[37, 49, 43, 45, 43, 29, 30, 47, 37, 34, 36, 25, 37, 45, 39, 32, 30, 25, 22, 29, 44, 23, 51, 38, 47, 23, 27, 36, 35, 30, 42, 26, 33, 25, 28, 38, 46, 30, 46, 43, 46, 45, 41, 32, 47, 29, 42, 36, 44, 24, 39, 31, 18, 41, 27, 35, 33, 51, 46, 23, 30, 48, 53, 42, 28, 26, 27, 40, 37, 25, 18, 26, 33, 25, 41, 47, 46, 35, 44, 42, 34, 26, 25, 47, 44, 52, 18, 47, 32, 41, 51, 41, 46, 39, 20, 23, 51, 26, 29, 39]
Average White Move: 35.84
[37, 49, 42, 45, 43, 28, 30, 47, 37, 34, 36, 25, 37, 44, 39, 32, 30, 25, 22, 29, 44, 23, 51, 38, 47, 23, 27, 36, 35, 30, 42, 26, 33, 25, 28, 38, 46, 30, 46, 43, 46, 44, 41, 32, 47, 28, 42, 36, 44, 24, 38, 30, 17, 41, 26, 35, 33, 50, 46, 23, 30, 48, 53, 42, 28, 26, 26, 40, 37, 25, 18, 26, 33, 25, 41, 47, 46, 35, 44, 42, 33, 26, 25, 46, 44, 52, 18, 47, 31, 41, 50, 41, 46, 39, 20, 23, 51, 26, 29, 39]
Average White Piece Captured By Black: 4.13
[4, 7, 8, 4, 4, 8, 1, 4, 5, 5, 6, 1, 6, 8, 5, 2, 5, 4, 3, 1, 3, 1, 6, 4, 4, 2, 5, 2, 5, 3, 6, 4, 3, 3, 5, 4, 4, 2, 7, 3, 5, 2, 4, 5, 6, 3, 4, 6, 2, 2, 5, 6, 4, 2, 5, 1, 3, 6, 4, 2, 2, 5, 10, 5, 5, 3, 4, 4, 2, 3, 2, 3, 5, 3, 1, 6, 6, 2, 6, 5, 6, 2, 1, 4, 6, 9, 2, 3, 3, 6, 11, 3, 5, 4, 1, 3, 7, 3, 3, 5]
Average Black Piece Captured By White: 11.97
[13, 16, 11, 16, 16, 7, 10, 16, 15, 10, 12, 9, 13, 12, 13, 11, 11, 9, 6, 9, 16, 7, 16, 14, 16, 8, 9, 13, 11, 9, 14, 8, 11, 9, 11, 14, 16, 9, 16, 15, 16, 15, 16, 9, 16, 7, 16, 11, 16, 9, 13, 6, 2, 13, 7, 12, 12, 15, 15, 8, 10, 16, 16, 16, 10, 6, 7, 16, 11, 9, 5, 9, 11, 9, 16, 15, 16, 13, 15, 16, 7, 12, 10, 14, 15, 16, 6, 16, 11, 16, 15, 16, 15, 14, 7, 9, 15, 8, 11, 11]
Average Expanded Black Nodes: 828.59
[889, 1037, 1059, 865, 770, 883, 792, 964, 813, 876, 977, 679, 873, 1055, 856, 859, 744, 680, 661, 712, 845, 618, 1016, 899, 938, 603, 738, 829, 858, 788, 858, 703, 832, 690, 695, 854, 947, 816, 890, 902, 923, 877, 890, 899, 1032, 827, 803, 859, 965, 576, 839, 889, 503, 939, 763, 763, 811, 1029, 970, 605, 803, 963, 1014, 929, 765, 732, 779, 813, 947, 664, 516, 675, 874, 669, 744, 967, 997, 758, 954, 871, 954, 607, 644, 1004, 927, 1088, 499, 991, 725, 800, 996, 788, 881, 845, 556, 605, 1006, 688, 757, 939]
Average Expanded White Nodes: 927.88
[947, 1107, 1036, 1180, 1239, 663, 807, 1195, 896, 805, 905, 709, 910, 1025, 1039, 861, 785, 685, 534, 780, 1213, 586, 1201, 949, 1271, 595, 654, 1080, 859, 781, 1111, 621, 897, 641, 721, 972, 1192, 791, 1191, 1180, 1226, 1251, 1149, 738, 1219, 711, 1110, 908, 1224, 637, 983, 690, 386, 1138, 676, 1006, 927, 1362, 1176, 618, 764, 1323, 1184, 1075, 713, 721, 622, 1112, 882, 691, 477, 679, 802, 652, 1277, 1151, 1110, 966, 1188, 1070, 729, 751, 756, 1122, 1036, 1140, 466, 1172, 902, 1046, 1059, 1227, 1148, 1097, 646, 671, 1206, 664, 780, 962]
Black Avg Expanded Node
[24.03, 21.16, 24.63, 19.22, 17.91, 30.45, 26.40, 20.51, 21.97, 25.76, 27.14, 27.16, 23.59, 23.44, 21.95, 26.84, 24.80, 27.20, 30.05, 24.55, 19.20, 26.87, 19.92, 23.66, 19.96, 26.22, 27.33, 23.03, 24.51, 26.27, 20.43, 27.04, 25.21, 27.60, 24.82, 22.47, 20.59, 27.20, 19.35, 20.98, 20.07, 19.49, 21.71, 28.09, 21.96, 28.52, 19.12, 23.86, 21.93, 24.00, 21.51, 28.68, 27.94, 22.90, 28.26, 21.80, 24.58, 20.18, 21.09, 26.30, 26.77, 20.06, 19.13, 22.12, 27.32, 28.15, 28.85, 20.33, 25.59, 26.56, 28.67, 25.96, 26.48, 26.76, 18.15, 20.57, 21.67, 21.66, 21.68, 20.74, 28.06, 23.35, 25.76, 21.36, 21.07, 20.92, 27.72, 21.09, 22.66, 19.51, 19.53, 19.22, 19.15, 21.67, 27.80, 26.30, 19.73, 26.46, 26.10, 24.08]
White Avg Expanded Node
[25.59, 22.59, 24.67, 26.22, 28.81, 23.68, 26.90, 25.43, 24.22, 23.68, 25.14, 28.36, 24.59, 23.30, 26.64, 26.91, 26.17, 27.40, 24.27, 26.90, 27.57, 25.48, 23.55, 24.97, 27.04, 25.87, 24.22, 30.00, 24.54, 26.03, 26.45, 23.88, 27.18, 25.64, 25.75, 25.58, 25.91, 26.37, 25.89, 27.44, 26.65, 28.43, 28.02, 23.06, 25.94, 25.39, 26.43, 25.22, 27.82, 26.54, 25.87, 23.00, 22.71, 27.76, 26.00, 28.74, 28.09, 27.24, 25.57, 26.87, 25.47, 27.56, 22.34, 25.60, 25.46, 27.73, 23.92, 27.80, 23.84, 27.64, 26.50, 26.12, 24.30, 26.08, 31.15, 24.49, 24.13, 27.60, 27.00, 25.48, 22.09, 28.88, 30.24, 24.39, 23.55, 21.92, 25.89, 24.94, 29.10, 25.51, 21.18, 29.93, 24.96, 28.13, 32.30, 29.17, 23.65, 25.54, 26.90, 24.67]
Black Avg Time to Make a Move (ms)
[0.22, 0.12, 0.12, 0.18, 0.09, 0.11, 0.07, 0.11, 0.05, 0.12, 0.17, 0.16, 0.08, 0.02, 0.05, 0.06, 0.13, 0.12, 0.14, 0.10, 0.05, 0.13, 0.06, 0.11, 0.02, 0.04, 0.04, 0.11, 0.06, 0.07, 0.02, 0.15, 0.03, 0.08, 0.04, 0.03, 0.07, 0.03, 0.07, 0.07, 0.02, 0.09, 0.05, 0.06, 0.02, 0.11, 0.07, 0.03, 0.11, 0.08, 0.08, 0.07, 0.06, 0.07, 0.08, 0.06, 0.09, 0.04, 0.04, 0.04, 0.07, 0.04, 0.08, 0.05, 0.11, 0.08, 0.19, 0.15, 0.05, 0.08, 0.00, 0.08, 0.06, 0.08, 0.15, 0.06, 0.09, 0.11, 0.05, 0.07, 0.06, 0.08, 0.04, 0.07, 0.02, 0.02, 0.00, 0.06, 0.06, 0.02, 0.04, 0.05, 0.17, 0.08, 0.00, 0.04, 0.04, 0.15, 0.03, 0.03]
White Avg Time to Make a Move (ms)
[0.30, 0.14, 0.19, 0.11, 0.14, 0.14, 0.17, 0.04, 0.11, 0.03, 0.06, 0.04, 0.05, 0.11, 0.08, 0.09, 0.00, 0.04, 0.14, 0.07, 0.05, 0.00, 0.04, 0.00, 0.06, 0.09, 0.07, 0.00, 0.06, 0.07, 0.12, 0.00, 0.12, 0.12, 0.11, 0.11, 0.09, 0.13, 0.04, 0.02, 0.07, 0.00, 0.15, 0.09, 0.09, 0.03, 0.02, 0.06, 0.00, 0.04, 0.03, 0.06, 0.17, 0.07, 0.07, 0.06, 0.09, 0.10, 0.04, 0.09, 0.07, 0.08, 0.06, 0.05, 0.07, 0.12, 0.04, 0.10, 0.11, 0.16, 0.22, 0.12, 0.12, 0.12, 0.05, 0.11, 0.07, 0.09, 0.07, 0.02, 0.06, 0.04, 0.16, 0.04, 0.07, 0.06, 0.11, 0.04, 0.03, 0.05, 0.04, 0.12, 0.11, 0.15, 0.10, 0.04, 0.10, 0.00, 0.07, 0.08]
=================================================

MATCHUP 5
=====================RESULT======================
Black won 100 matchups (100.00%)
White won 0 matchups (0.00%)

Average Black Move: 22.24
[12, 22, 19, 30, 23, 23, 23, 25, 18, 23, 24, 21, 21, 10, 25, 21, 21, 17, 22, 15, 21, 41, 14, 25, 14, 17, 14, 20, 23, 24, 12, 29, 27, 20, 13, 39, 19, 29, 22, 15, 25, 17, 17, 41, 40, 22, 22, 17, 20, 22, 25, 19, 14, 28, 27, 30, 18, 20, 16, 16, 21, 16, 23, 22, 23, 23, 19, 25, 16, 24, 28, 22, 18, 17, 23, 25, 29, 20, 20, 32, 26, 36, 28, 28, 18, 20, 28, 28, 16, 24, 25, 20, 30, 25, 26, 17, 18, 13, 17, 26]
Average White Move: 21.24
[11, 21, 18, 29, 22, 22, 22, 24, 17, 22, 23, 20, 20, 9, 24, 20, 20, 16, 21, 14, 20, 40, 13, 24, 13, 16, 13, 19, 22, 23, 11, 28, 26, 19, 12, 38, 18, 28, 21, 14, 24, 16, 16, 40, 39, 21, 21, 16, 19, 21, 24, 18, 13, 27, 26, 29, 17, 19, 15, 15, 20, 15, 22, 21, 22, 22, 18, 24, 15, 23, 27, 21, 17, 16, 22, 24, 28, 19, 19, 31, 25, 35, 27, 27, 17, 19, 27, 27, 15, 23, 24, 19, 29, 24, 25, 16, 17, 12, 16, 25]
Average White Piece Captured By Black: 6.35
[4, 5, 5, 9, 6, 5, 7, 6, 3, 7, 5, 5, 5, 4, 8, 4, 5, 4, 5, 4, 6, 16, 4, 4, 5, 4, 4, 4, 7, 7, 5, 10, 8, 5, 5, 12, 6, 9, 9, 5, 7, 5, 5, 14, 12, 7, 6, 5, 7, 4, 6, 5, 4, 8, 8, 10, 5, 3, 4, 5, 6, 4, 6, 7, 4, 6, 6, 6, 4, 6, 6, 7, 4, 4, 8, 7, 9, 5, 5, 9, 8, 13, 10, 8, 4, 8, 10, 9, 5, 7, 6, 5, 11, 7, 8, 4, 5, 4, 4, 9]
Average Black Piece Captured By White: 0.27
[0, 0, 0, 2, 0, 0, 1, 1, 0, 0, 0, 0, 0, 0, 1, 0, 0, 0, 0, 0, 0, 1, 0, 0, 0, 0, 0, 0, 0, 1, 0, 0, 0, 0, 0, 1, 0, 0, 0, 0, 0, 0, 0, 2, 2, 0, 0, 0, 0, 0, 0, 0, 0, 0, 0, 2, 0, 0, 0, 1, 0, 0, 0, 0, 0, 0, 0, 1, 0, 0, 2, 0, 0, 0, 0, 0, 0, 0, 1, 1, 3, 1, 0, 1, 0, 0, 1, 0, 0, 1, 0, 0, 0, 0, 0, 0, 0, 0, 0, 0]
Average Expanded Black Nodes: 569.51
[291, 552, 442, 712, 540, 534, 590, 584, 451, 666, 591, 507, 499, 238, 777, 500, 504, 437, 571, 377, 508, 1027, 344, 666, 339, 396, 325, 477, 728, 629, 352, 766, 673, 483, 331, 947, 504, 836, 553, 458, 628, 416, 543, 1036, 984, 586, 517, 480, 569, 510, 607, 558, 338, 693, 744, 886, 450, 486, 380, 358, 494, 375, 682, 604, 525, 551, 507, 582, 552, 597, 694, 557, 492, 406, 646, 674, 699, 491, 476, 813, 620, 1051, 709, 747, 405, 486, 786, 823, 392, 608, 620, 485, 774, 608, 679, 411, 502, 312, 399, 643]
Average Expanded White Nodes: 516.48
[260, 533, 462, 703, 586, 514, 567, 615, 440, 479, 591, 498, 502, 210, 548, 497, 508, 392, 584, 351, 554, 759, 309, 628, 330, 409, 328, 508, 540, 572, 262, 628, 652, 465, 270, 839, 465, 697, 490, 370, 574, 413, 368, 746, 802, 539, 491, 387, 457, 551, 648, 451, 323, 656, 597, 695, 402, 486, 385, 385, 510, 375, 537, 516, 534, 578, 412, 565, 386, 569, 707, 552, 438, 382, 553, 578, 682, 509, 486, 752, 658, 710, 634, 603, 402, 481, 609, 601, 386, 552, 586, 483, 657, 623, 611, 387, 470, 296, 386, 621]
Black Avg Expanded Node
[24.25, 25.09, 23.26, 23.73, 23.48, 23.22, 25.65, 23.36, 25.06, 28.96, 24.63, 24.14, 23.76, 23.80, 31.08, 23.81, 24.00, 25.71, 25.95, 25.13, 24.19, 25.05, 24.57, 26.64, 24.21, 23.29, 23.21, 23.85, 31.65, 26.21, 29.33, 26.41, 24.93, 24.15, 25.46, 24.28, 26.53, 28.83, 25.14, 30.53, 25.12, 24.47, 31.94, 25.27, 24.60, 26.64, 23.50, 28.24, 28.45, 23.18, 24.28, 29.37, 24.14, 24.75, 27.56, 29.53, 25.00, 24.30, 23.75, 22.38, 23.52, 23.44, 29.65, 27.45, 22.83, 23.96, 26.68, 23.28, 34.50, 24.88, 24.79, 25.32, 27.33, 23.88, 28.09, 26.96, 24.10, 24.55, 23.80, 25.41, 23.85, 29.19, 25.32, 26.68, 22.50, 24.30, 28.07, 29.39, 24.50, 25.33, 24.80, 24.25, 25.80, 24.32, 26.12, 24.18, 27.89, 24.00, 23.47, 24.73]
White Avg Expanded Node
[23.64, 25.38, 25.67, 24.24, 26.64, 23.36, 25.77, 25.63, 25.88, 21.77, 25.70, 24.90, 25.10, 23.33, 22.83, 24.85, 25.40, 24.50, 27.81, 25.07, 27.70, 18.98, 23.77, 26.17, 25.38, 25.56, 25.23, 26.74, 24.55, 24.87, 23.82, 22.43, 25.08, 24.47, 22.50, 22.08, 25.83, 24.89, 23.33, 26.43, 23.92, 25.81, 23.00, 18.65, 20.56, 25.67, 23.38, 24.19, 24.05, 26.24, 27.00, 25.06, 24.85, 24.30, 22.96, 23.97, 23.65, 25.58, 25.67, 25.67, 25.50, 25.00, 24.41, 24.57, 24.27, 26.27, 22.89, 23.54, 25.73, 24.74, 26.19, 26.29, 25.76, 23.88, 25.14, 24.08, 24.36, 26.79, 25.58, 24.26, 26.32, 20.29, 23.48, 22.33, 23.65, 25.32, 22.56, 22.26, 25.73, 24.00, 24.42, 25.42, 22.66, 25.96, 24.44, 24.19, 27.65, 24.67, 24.13, 24.84]
Black Avg Time to Make a Move (ms)
[0.27, 0.14, 0.28, 0.14, 0.18, 0.14, 0.23, 0.21, 0.12, 0.05, 0.13, 0.10, 0.10, 0.22, 0.08, 0.05, 0.15, 0.13, 0.10, 0.14, 0.10, 0.10, 0.00, 0.04, 0.00, 0.13, 0.00, 0.16, 0.00, 0.04, 0.00, 0.11, 0.04, 0.05, 0.00, 0.08, 0.06, 0.00, 0.10, 0.14, 0.13, 0.06, 0.13, 0.03, 0.03, 0.00, 0.10, 0.06, 0.16, 0.10, 0.00, 0.11, 0.31, 0.07, 0.04, 0.03, 0.12, 0.00, 0.07, 0.00, 0.00, 0.00, 0.05, 0.05, 0.00, 0.09, 0.06, 0.13, 0.07, 0.04, 0.00, 0.05, 0.06, 0.06, 0.14, 0.08, 0.11, 0.11, 0.11, 0.06, 0.04, 0.80, 0.07, 0.07, 0.00, 0.11, 0.11, 0.07, 0.07, 0.04, 0.08, 0.11, 0.03, 0.13, 0.12, 0.13, 0.00, 0.00, 0.13, 0.12]
White Avg Time to Make a Move (ms)
[0.58, 0.27, 0.21, 0.20, 0.17, 0.17, 0.09, 0.12, 0.17, 0.26, 0.17, 0.10, 0.14, 0.00, 0.08, 0.14, 0.05, 0.06, 0.14, 0.07, 0.10, 0.07, 0.29, 0.28, 0.21, 0.12, 0.21, 0.05, 0.13, 0.08, 0.08, 0.03, 0.11, 0.10, 0.15, 0.05, 0.11, 0.14, 0.05, 0.00, 0.00, 0.12, 0.06, 0.07, 0.13, 0.18, 0.09, 0.18, 0.05, 0.09, 0.20, 0.11, 0.07, 0.11, 0.11, 0.07, 0.06, 0.15, 0.06, 0.13, 0.10, 0.19, 0.04, 0.05, 0.13, 0.04, 0.11, 0.00, 0.06, 0.13, 0.14, 0.14, 0.11, 0.06, 0.00, 0.08, 0.10, 0.10, 0.15, 0.16, 0.15, 0.08, 0.14, 0.11, 0.17, 0.05, 0.04, 0.07, 0.13, 0.17, 0.16, 0.05, 0.10, 0.08, 0.00, 0.06, 0.11, 0.15, 0.06, 0.04]
=================================================

MATCHUP 6
=====================RESULT======================
Black won 11 matchups (11.00%)
White won 89 matchups (89.00%)

Average Black Move: 33.94
[31, 17, 34, 24, 25, 22, 34, 42, 42, 41, 40, 47, 43, 36, 43, 47, 38, 36, 20, 50, 54, 23, 46, 29, 37, 38, 36, 24, 46, 39, 48, 19, 24, 24, 43, 18, 46, 42, 20, 25, 33, 38, 39, 37, 29, 23, 20, 40, 48, 17, 38, 33, 47, 41, 14, 31, 41, 20, 35, 26, 45, 43, 22, 41, 40, 44, 52, 13, 33, 19, 29, 31, 26, 19, 23, 44, 22, 35, 54, 29, 14, 28, 26, 43, 45, 21, 26, 45, 38, 27, 39, 39, 42, 35, 41, 35, 39, 19, 40, 45]
Average White Move: 33.83
[31, 17, 33, 24, 25, 22, 34, 42, 42, 41, 40, 47, 43, 36, 43, 47, 38, 36, 20, 50, 53, 23, 46, 29, 37, 37, 36, 24, 46, 39, 47, 19, 23, 24, 43, 18, 46, 42, 20, 25, 33, 38, 39, 37, 29, 23, 20, 39, 48, 17, 38, 33, 47, 41, 14, 31, 41, 19, 34, 26, 45, 43, 22, 41, 40, 44, 52, 13, 33, 19, 29, 31, 26, 19, 23, 44, 22, 35, 53, 29, 14, 28, 26, 43, 45, 21, 26, 45, 38, 26, 39, 39, 42, 35, 41, 35, 39, 19, 40, 44]
Average White Piece Captured By Black: 4.00
[3, 0, 5, 4, 2, 2, 5, 3, 7, 6, 5, 6, 4, 5, 4, 4, 4, 2, 1, 7, 9, 5, 7, 2, 3, 6, 5, 3, 3, 3, 8, 2, 6, 3, 6, 1, 6, 8, 2, 2, 4, 5, 3, 4, 4, 1, 1, 9, 8, 1, 4, 4, 7, 4, 0, 5, 4, 4, 3, 5, 6, 6, 2, 5, 6, 6, 9, 1, 3, 5, 2, 1, 3, 0, 3, 5, 1, 2, 7, 3, 0, 2, 2, 6, 7, 5, 3, 4, 3, 5, 4, 5, 4, 3, 3, 4, 1, 1, 5, 8]
Average Black Piece Captured By White: 11.24
[12, 5, 9, 7, 9, 9, 13, 15, 13, 15, 16, 16, 16, 12, 15, 16, 14, 12, 7, 16, 14, 6, 16, 10, 16, 11, 12, 6, 16, 16, 12, 8, 5, 8, 16, 5, 13, 12, 6, 7, 13, 14, 16, 14, 10, 8, 7, 9, 16, 5, 13, 9, 14, 12, 3, 9, 16, 4, 9, 9, 16, 14, 7, 13, 13, 16, 16, 4, 11, 5, 10, 11, 10, 5, 8, 16, 8, 12, 14, 9, 4, 10, 8, 13, 16, 7, 10, 16, 12, 7, 16, 16, 15, 12, 14, 12, 16, 7, 13, 10]
Average Expanded Black Nodes: 801.86
[783, 490, 851, 680, 663, 553, 840, 966, 889, 861, 901, 865, 903, 845, 816, 899, 828, 829, 550, 943, 1090, 641, 944, 824, 706, 888, 892, 677, 998, 896, 1108, 495, 676, 652, 872, 505, 1017, 1050, 567, 700, 748, 859, 804, 875, 766, 615, 551, 1017, 1066, 481, 934, 832, 1025, 932, 393, 794, 912, 533, 969, 702, 905, 908, 603, 937, 926, 970, 1095, 330, 871, 530, 781, 831, 676, 531, 616, 882, 589, 810, 1045, 831, 373, 774, 678, 1110, 1000, 579, 729, 890, 904, 832, 784, 896, 890, 845, 903, 845, 830, 514, 998, 1184]
Average Expanded White Nodes: 944.73
[917, 419, 1047, 810, 706, 749, 852, 1186, 1161, 1188, 1319, 1211, 1288, 947, 1136, 1485, 985, 957, 503, 1463, 1190, 771, 1235, 693, 1036, 912, 906, 623, 1101, 1087, 1271, 647, 551, 830, 1250, 433, 1446, 1148, 523, 834, 1013, 1135, 1124, 1066, 792, 599, 500, 989, 1335, 410, 965, 1042, 1249, 1047, 322, 943, 1101, 463, 861, 867, 1207, 1121, 772, 1161, 1055, 1341, 1446, 315, 875, 614, 788, 871, 692, 459, 565, 1144, 804, 1067, 1514, 1000, 422, 726, 691, 1230, 1131, 708, 685, 1320, 1062, 644, 1035, 1007, 1159, 943, 1189, 1073, 1095, 690, 1045, 1168]
Black Avg Expanded Node
[25.26, 28.82, 25.03, 28.33, 26.52, 25.14, 24.71, 23.00, 21.17, 21.00, 22.53, 18.40, 21.00, 23.47, 18.98, 19.13, 21.79, 23.03, 27.50, 18.86, 20.19, 27.87, 20.52, 28.41, 19.08, 23.37, 24.78, 28.21, 21.70, 22.97, 23.08, 26.05, 28.17, 27.17, 20.28, 28.06, 22.11, 25.00, 28.35, 28.00, 22.67, 22.61, 20.62, 23.65, 26.41, 26.74, 27.55, 25.43, 22.21, 28.29, 24.58, 25.21, 21.81, 22.73, 28.07, 25.61, 22.24, 26.65, 27.69, 27.00, 20.11, 21.12, 27.41, 22.85, 23.15, 22.05, 21.06, 25.38, 26.39, 27.89, 26.93, 26.81, 26.00, 27.95, 26.78, 20.05, 26.77, 23.14, 19.35, 28.66, 26.64, 27.64, 26.08, 25.81, 22.22, 27.57, 28.04, 19.78, 23.79, 30.81, 20.10, 22.97, 21.19, 24.14, 22.02, 24.14, 21.28, 27.05, 24.95, 26.31]
White Avg Expanded Node
[29.58, 24.65, 31.73, 33.75, 28.24, 34.05, 25.06, 28.24, 27.64, 28.98, 32.98, 25.77, 29.95, 26.31, 26.42, 31.60, 25.92, 26.58, 25.15, 29.26, 22.45, 33.52, 26.85, 23.90, 28.00, 24.65, 25.17, 25.96, 23.93, 27.87, 27.04, 34.05, 23.96, 34.58, 29.07, 24.06, 31.43, 27.33, 26.15, 33.36, 30.70, 29.87, 28.82, 28.81, 27.31, 26.04, 25.00, 25.36, 27.81, 24.12, 25.39, 31.58, 26.57, 25.54, 23.00, 30.42, 26.85, 24.37, 25.32, 33.35, 26.82, 26.07, 35.09, 28.32, 26.38, 30.48, 27.81, 24.23, 26.52, 32.32, 27.17, 28.10, 26.62, 24.16, 24.57, 26.00, 36.55, 30.49, 28.57, 34.48, 30.14, 25.93, 26.58, 28.60, 25.13, 33.71, 26.35, 29.33, 27.95, 24.77, 26.54, 25.82, 27.60, 26.94, 29.00, 30.66, 28.08, 36.32, 26.13, 26.55]
Black Avg Time to Make a Move (ms)
[0.39, 0.24, 0.18, 0.29, 0.20, 0.32, 0.18, 0.12, 0.07, 0.12, 0.10, 0.13, 0.14, 0.17, 0.07, 0.15, 0.08, 0.11, 0.10, 0.14, 0.09, 0.09, 0.15, 0.07, 0.08, 0.11, 0.11, 0.13, 0.11, 0.03, 0.02, 0.05, 0.04, 0.08, 0.02, 0.06, 0.07, 0.07, 0.00, 0.12, 0.03, 0.08, 0.05, 0.08, 0.03, 0.09, 0.05, 0.03, 0.08, 0.06, 0.13, 0.06, 0.11, 0.10, 0.07, 0.06, 0.07, 0.11, 0.12, 0.12, 0.09, 0.09, 0.09, 0.07, 0.03, 0.07, 0.08, 0.08, 0.00, 0.16, 0.14, 0.03, 0.04, 0.11, 0.00, 0.05, 0.05, 0.06, 0.09, 0.03, 0.07, 0.07, 0.08, 0.02, 0.04, 0.10, 0.04, 0.07, 0.05, 0.12, 0.08, 0.08, 0.07, 0.09, 0.05, 0.03, 0.13, 0.05, 0.10, 0.02]
White Avg Time to Make a Move (ms)
[0.23, 0.18, 0.15, 0.21, 0.20, 0.09, 0.12, 0.07, 0.12, 0.07, 0.05, 0.09, 0.09, 0.08, 0.09, 0.04, 0.11, 0.11, 0.15, 0.04, 0.06, 0.17, 0.02, 0.14, 0.08, 0.05, 0.06, 0.08, 0.07, 0.10, 0.06, 0.11, 0.08, 0.04, 0.07, 0.06, 0.04, 0.02, 0.10, 0.04, 0.06, 0.05, 0.05, 0.05, 0.14, 0.09, 0.10, 0.08, 0.02, 0.06, 0.05, 0.09, 0.02, 0.02, 0.07, 0.03, 0.10, 0.10, 0.03, 0.00, 0.02, 0.05, 0.14, 0.07, 0.13, 0.09, 0.06, 0.31, 0.18, 0.00, 0.00, 0.16, 0.08, 0.05, 0.09, 0.05, 0.09, 0.06, 0.02, 0.07, 0.07, 0.07, 0.04, 0.09, 0.02, 0.00, 0.08, 0.04, 0.08, 0.00, 0.03, 0.03, 0.02, 0.06, 0.05, 0.09, 0.08, 0.11, 0.13, 0.09]
=================================================